1 1 11 0
-20.5071 -22.9813 -47.016 0.719937 0.687376 0.0959396 0.455337 -0.572119 0.682164 0.523792 -0.447431 -0.724878
1 1 11 1
-20.5071 -22.9813 -47.016 0.719937 0.687376 0.0959396 0.455337 -0.572119 0.682164 0.523792 -0.447431 -0.724878
1 3 11 2
-20.5071 -22.9814 -47.016 0.719937 0.687376 0.0959394 0.455337 -0.572119 0.682164 0.523792 -0.447431 -0.724878
1 3 11 3
-20.5071 -22.9814 -47.016 0.719937 0.687376 0.0959394 0.455337 -0.572119 0.682164 0.523792 -0.447431 -0.724878
1 0 11 4
20.5032 -49.1328 -60.2057 0.176905 0.931485 -0.317868 0.71214 0.10179 0.694619 0.679383 -0.349248 -0.64534
1 0 11 5
20.5032 -49.1328 -60.2057 0.176905 0.931485 -0.317868 0.71214 0.10179 0.694619 0.679383 -0.349248 -0.64534
1 2 11 6
20.5032 -49.1328 -60.2057 0.176905 0.931485 -0.317869 0.71214 0.101791 0.694619 0.679383 -0.349248 -0.64534
1 2 11 7
20.5032 -49.1328 -60.2057 0.176905 0.931485 -0.317869 0.71214 0.101791 0.694619 0.679383 -0.349248 -0.64534
1 1 11 8
53.6783 50.4769 -71.547 0.0163531 -0.18169 0.98322 -0.473302 -0.867608 -0.152454 0.880748 -0.462867 -0.100182
1 1 11 9
53.6783 50.4769 -71.547 0.0163531 -0.18169 0.98322 -0.473302 -0.867608 -0.152454 0.880748 -0.462867 -0.100182
1 3 11 10
53.6783 50.4769 -71.547 0.016353 -0.18169 0.98322 -0.473302 -0.867608 -0.152454 0.880748 -0.462867 -0.100182
1 3 11 11
53.6783 50.4769 -71.547 0.016353 -0.18169 0.98322 -0.473302 -0.867608 -0.152454 0.880748 -0.462867 -0.100182
1 1 11 12
53.6783 50.4769 -71.547 0.0163531 -0.18169 0.98322 -0.473302 -0.867608 -0.152454 0.880748 -0.462867 -0.100182
1 1 11 13
53.6783 50.4769 -71.547 0.0163531 -0.18169 0.98322 -0.473302 -0.867608 -0.152454 0.880748 -0.462867 -0.100182
1 3 11 14
53.6783 50.4769 -71.547 0.016353 -0.18169 0.98322 -0.473302 -0.867608 -0.152454 0.880748 -0.462867 -0.100182
1 3 11 15
53.6783 50.4769 -71.547 0.016353 -0.18169 0.98322 -0.473302 -0.867608 -0.152454 0.880748 -0.462867 -0.100182
1 0 11 16
-19.5781 -36.2607 -37.7126 0.694473 0.719375 -0.0144015 0.597371 -0.565305 0.568839 0.401067 -0.403646 -0.822323
1 0 11 17
-19.5781 -36.2607 -37.7126 0.694473 0.719375 -0.0144015 0.597371 -0.565305 0.568839 0.401067 -0.403646 -0.822323
1 2 11 18
-19.5781 -36.2607 -37.7126 0.694473 0.719375 -0.0144017 0.597372 -0.565305 0.568839 0.401067 -0.403646 -0.822323
1 2 11 19
-19.5781 -36.2607 -37.7126 0.694473 0.719375 -0.0144017 0.597372 -0.565305 0.568839 0.401067 -0.403646 -0.822323
1 1 11 20
16.2808 -57.929 -48.9903 0.233539 0.940801 -0.245669 0.813427 -0.0506071 0.579462 0.532725 -0.33516 -0.777092
1 1 11 21
16.2808 -57.929 -48.9903 0.233539 0.940801 -0.245669 0.813427 -0.0506071 0.579462 0.532725 -0.33516 -0.777092
1 2 11 22
16.2808 -57.929 -48.9903 0.233539 0.940801 -0.245669 0.813427 -0.0506068 0.579462 0.532725 -0.33516 -0.777091
1 2 11 23
16.2808 -57.929 -48.9903 0.233539 0.940801 -0.245669 0.813427 -0.0506068 0.579462 0.532725 -0.33516 -0.777091
1 0 11 24
92.6291 -33.694 -58.0138 -0.660315 0.503569 -0.557138 0.42842 0.861899 0.271268 0.616799 -0.0595671 -0.784864
1 0 11 25
92.6291 -33.694 -58.0138 -0.660315 0.503569 -0.557138 0.42842 0.861899 0.271268 0.616799 -0.0595671 -0.784864
1 2 11 26
92.6291 -33.694 -58.0138 -0.660315 0.503569 -0.557138 0.42842 0.861899 0.271267 0.616798 -0.0595672 -0.784864
1 2 11 27
92.6291 -33.694 -58.0138 -0.660315 0.503569 -0.557138 0.42842 0.861899 0.271267 0.616798 -0.0595672 -0.784864
1 4 11 28
102.038 -20.5497 -56.9624 -0.757839 0.318521 -0.569407 0.258998 0.947891 0.185534 0.598833 -0.00686998 -0.800845
1 4 11 29
102.038 -20.5497 -56.9624 -0.757839 0.318521 -0.569407 0.258998 0.947891 0.185534 0.598833 -0.00686998 -0.800845
1 7 11 30
102.038 -20.5497 -56.9624 -0.757839 0.318521 -0.569407 0.258997 0.947891 0.185534 0.598833 -0.00687011 -0.800845
1 7 11 31
102.038 -20.5497 -56.9624 -0.757839 0.318521 -0.569407 0.258997 0.947891 0.185534 0.598833 -0.00687011 -0.800845
1 4 11 32
97.6771 -27.3586 -57.6023 -0.713528 0.413542 -0.565563 0.346128 0.9099 0.22864 0.609158 -0.0326165 -0.792378
1 4 11 33
97.6771 -27.3586 -57.6023 -0.713528 0.413542 -0.565563 0.346128 0.9099 0.22864 0.609158 -0.0326165 -0.792378
1 7 11 34
97.6771 -27.3586 -57.6023 -0.713528 0.413542 -0.565563 0.346128 0.909901 0.22864 0.609158 -0.0326166 -0.792378
1 7 11 35
97.6771 -27.3586 -57.6023 -0.713528 0.413542 -0.565563 0.346128 0.909901 0.22864 0.609158 -0.0326166 -0.792378
1 4 11 36
97.6771 -27.3586 -57.6023 -0.713528 0.413542 -0.565563 0.346128 0.9099 0.22864 0.609158 -0.0326165 -0.792378
1 4 11 37
97.6771 -27.3586 -57.6023 -0.713528 0.413542 -0.565563 0.346128 0.9099 0.22864 0.609158 -0.0326165 -0.792378
1 7 11 38
97.6771 -27.3586 -57.6023 -0.713528 0.413542 -0.565563 0.346128 0.909901 0.22864 0.609158 -0.0326166 -0.792378
1 7 11 39
97.6771 -27.3586 -57.6023 -0.713528 0.413542 -0.565563 0.346128 0.909901 0.22864 0.609158 -0.0326166 -0.792378
1 0 11 40
47.6132 -19.4724 -80.6444 -6.77121e-05 -0.948432 -0.316979 0.169361 0.312389 -0.934735 0.985554 -0.0537472 0.160606
1 0 11 41
47.6132 -19.4724 -80.6444 -6.77121e-05 -0.948432 -0.316979 0.169361 0.312389 -0.934735 0.985554 -0.0537472 0.160606
1 3 11 42
47.6132 -19.4724 -80.6444 -6.77733e-05 -0.948432 -0.316979 0.169361 0.312389 -0.934735 0.985554 -0.0537473 0.160606
1 3 11 43
47.6132 -19.4724 -80.6444 -6.77733e-05 -0.948432 -0.316979 0.169361 0.312389 -0.934735 0.985554 -0.0537473 0.160606
1 0 11 44
67.5668 -3.23328 -80.8929 -0.173022 -0.960763 0.21679 0.014967 -0.222649 -0.974784 0.984804 -0.165415 0.0529029
1 0 11 45
67.5668 -3.23328 -80.8929 -0.173022 -0.960763 0.21679 0.014967 -0.222649 -0.974784 0.984804 -0.165415 0.0529029
1 3 11 46
67.5668 -3.23328 -80.8929 -0.173023 -0.960763 0.216789 0.014967 -0.222648 -0.974784 0.984804 -0.165415 0.052903
1 3 11 47
67.5668 -3.23328 -80.8929 -0.173023 -0.960763 0.216789 0.014967 -0.222648 -0.974784 0.984804 -0.165415 0.052903
1 0 11 48
70.4017 43.5385 -71.4576 -0.178488 -0.22688 0.957428 -0.406484 -0.869135 -0.281736 0.896054 -0.439465 0.0629073
1 0 11 49
70.4017 43.5385 -71.4576 -0.178488 -0.22688 0.957428 -0.406484 -0.869135 -0.281736 0.896054 -0.439465 0.0629073
1 2 11 50
70.4017 43.5385 -71.4576 -0.178488 -0.22688 0.957428 -0.406484 -0.869135 -0.281736 0.896054 -0.439465 0.0629073
1 2 11 51
70.4017 43.5385 -71.4576 -0.178488 -0.22688 0.957428 -0.406484 -0.869135 -0.281736 0.896054 -0.439465 0.0629073
1 4 11 52
65.0279 51.0633 -68.8565 -0.126796 -0.0267132 0.991569 -0.471808 -0.877693 -0.0839775 0.872536 -0.478478 0.0986847
1 4 11 53
65.0279 51.0633 -68.8565 -0.126796 -0.0267132 0.991569 -0.471808 -0.877693 -0.0839775 0.872536 -0.478478 0.0986847
1 7 11 54
65.0279 51.0633 -68.8565 -0.126796 -0.0267133 0.991569 -0.471808 -0.877693 -0.0839777 0.872536 -0.478479 0.0986847
1 7 11 55
65.0279 51.0633 -68.8565 -0.126796 -0.0267133 0.991569 -0.471808 -0.877693 -0.0839777 0.872536 -0.478479 0.0986847
1 4 11 56
67.9224 47.4514 -70.1636 -0.154449 -0.12723 0.979775 -0.440586 -0.878743 -0.183563 0.884324 -0.460026 0.0796653
1 4 11 57
67.9224 47.4514 -70.1636 -0.154449 -0.12723 0.979775 -0.440586 -0.878743 -0.183563 0.884324 -0.460026 0.0796653
1 6 11 58
67.9224 47.4514 -70.1636 -0.154449 -0.12723 0.979774 -0.440586 -0.878742 -0.183563 0.884324 -0.460026 0.0796652
1 6 11 59
67.9224 47.4514 -70.1636 -0.154449 -0.12723 0.979774 -0.440586 -0.878742 -0.183563 0.884324 -0.460026 0.0796652
1 4 11 60
67.9224 47.4514 -70.1636 -0.154449 -0.12723 0.979775 -0.440586 -0.878743 -0.183563 0.884324 -0.460026 0.0796653
1 4 11 61
67.9224 47.4514 -70.1636 -0.154449 -0.12723 0.979775 -0.440586 -0.878743 -0.183563 0.884324 -0.460026 0.0796653
1 6 11 62
67.9224 47.4514 -70.1636 -0.154449 -0.12723 0.979774 -0.440586 -0.878742 -0.183563 0.884324 -0.460026 0.0796652
1 6 11 63
67.9224 47.4514 -70.1636 -0.154449 -0.12723 0.979774 -0.440586 -0.878742 -0.183563 0.884324 -0.460026 0.0796652
1 0 11 64
-18.0935 -46.5906 -26.0139 0.665737 0.73889 -0.104093 0.70233 -0.573361 0.421889 0.252047 -0.353974 -0.900652
1 0 11 65
-18.0935 -46.5906 -26.0139 0.665737 0.73889 -0.104093 0.70233 -0.573361 0.421889 0.252047 -0.353974 -0.900652
1 0 11 66
-18.0935 -46.5906 -26.0139 0.665737 0.73889 -0.104093 0.70233 -0.573361 0.421889 0.252047 -0.353974 -0.900652
1 0 11 67
-18.0935 -46.5906 -26.0139 0.665737 0.73889 -0.104093 0.70233 -0.573361 0.421889 0.252047 -0.353974 -0.900652
1 2 11 68
14.473 -65.6023 -36.114 0.258028 0.942043 -0.214421 0.893127 -0.147945 0.424778 0.368436 -0.30111 -0.879538
1 2 11 69
14.473 -65.6023 -36.114 0.258028 0.942043 -0.214421 0.893127 -0.147945 0.424778 0.368436 -0.30111 -0.879538
1 2 11 70
14.473 -65.6023 -36.114 0.258028 0.942043 -0.214421 0.893127 -0.147945 0.424778 0.368436 -0.30111 -0.879538
1 2 11 71
14.473 -65.6023 -36.114 0.258028 0.942043 -0.214421 0.893127 -0.147945 0.424778 0.368436 -0.30111 -0.879538
1 2 11 72
68.7349 -62.2027 -45.4717 -0.384295 0.854275 -0.350045 0.796294 0.498574 0.342549 0.467154 -0.147099 -0.871854
1 2 11 73
68.7349 -62.2027 -45.4717 -0.384295 0.854275 -0.350045 0.796294 0.498574 0.342549 0.467154 -0.147099 -0.871854
1 2 11 74
68.7349 -62.2027 -45.4717 -0.384295 0.854275 -0.350045 0.796294 0.498574 0.342549 0.467154 -0.147099 -0.871854
1 2 11 75
68.7349 -62.2027 -45.4717 -0.384295 0.854275 -0.350045 0.796294 0.498574 0.342549 0.467154 -0.147099 -0.871854
1 5 11 76
120.34 15.0449 -38.6067 -0.917107 -0.128629 -0.377319 -0.170921 0.981976 0.0806791 0.360141 0.138483 -0.922562
1 5 11 77
120.34 15.0449 -38.6067 -0.917107 -0.128629 -0.377319 -0.170921 0.981976 0.0806791 0.360141 0.138483 -0.922562
1 5 11 78
120.34 15.0449 -38.6067 -0.917107 -0.128629 -0.377319 -0.170921 0.981976 0.0806791 0.360141 0.138483 -0.922562
1 5 11 79
120.34 15.0449 -38.6067 -0.917107 -0.128629 -0.377319 -0.170921 0.981976 0.0806791 0.360141 0.138483 -0.922562
1 2 11 80
106.346 -31.1294 -45.8413 -0.799222 0.444468 -0.404588 0.389637 0.895691 0.214292 0.457632 0.0136246 -0.889037
1 2 11 81
106.346 -31.1294 -45.8413 -0.799222 0.444468 -0.404588 0.389637 0.895691 0.214292 0.457632 0.0136246 -0.889037
1 2 11 82
106.346 -31.1294 -45.8413 -0.799222 0.444468 -0.404588 0.389637 0.895691 0.214292 0.457632 0.0136246 -0.889037
1 2 11 83
106.346 -31.1294 -45.8413 -0.799222 0.444468 -0.404588 0.389637 0.895691 0.214292 0.457632 0.0136246 -0.889037
1 5 11 84
106.346 -31.1294 -45.8413 -0.799222 0.444468 -0.404588 0.389637 0.895691 0.214292 0.457632 0.0136247 -0.889037
1 5 11 85
106.346 -31.1294 -45.8413 -0.799222 0.444468 -0.404588 0.389637 0.895691 0.214292 0.457632 0.0136247 -0.889037
1 5 11 86
106.346 -31.1294 -45.8413 -0.799222 0.444468 -0.404588 0.389637 0.895691 0.214292 0.457632 0.0136247 -0.889037
1 5 11 87
106.346 -31.1294 -45.8413 -0.799222 0.444468 -0.404588 0.389637 0.895691 0.214292 0.457632 0.0136247 -0.889037
1 3 11 88
45.1236 -32.5609 -75.4752 0.0400836 -0.971714 -0.232736 0.330376 0.232711 -0.914712 0.942998 -0.0402254 0.330359
1 3 11 89
45.1236 -32.5609 -75.4752 0.0400836 -0.971714 -0.232736 0.330376 0.232711 -0.914712 0.942998 -0.0402254 0.330359
1 3 11 90
45.1236 -32.5609 -75.4752 0.0400836 -0.971714 -0.232736 0.330376 0.232711 -0.914712 0.942998 -0.0402254 0.330359
1 3 11 91
45.1236 -32.5609 -75.4752 0.0400836 -0.971714 -0.232736 0.330376 0.232711 -0.914712 0.942998 -0.0402254 0.330359
1 3 11 92
68.1668 -20.017 -77.0849 -0.183793 -0.96653 0.178995 0.213037 -0.216936 -0.952656 0.959602 -0.13696 0.245778
1 3 11 93
68.1668 -20.017 -77.0849 -0.183793 -0.96653 0.178995 0.213037 -0.216936 -0.952656 0.959602 -0.13696 0.245778
1 3 11 94
68.1668 -20.017 -77.0849 -0.183793 -0.96653 0.178995 0.213037 -0.216936 -0.952656 0.959602 -0.13696 0.245778
1 3 11 95
68.1668 -20.017 -77.0849 -0.183793 -0.96653 0.178995 0.213037 -0.216936 -0.952656 0.959602 -0.13696 0.245778
1 3 11 96
86.192 12.2696 -73.5571 -0.362468 -0.607946 0.706412 -0.0954353 -0.72976 -0.677009 0.927097 -0.312811 0.206495
1 3 11 97
86.192 12.2696 -73.5571 -0.362468 -0.607946 0.706412 -0.0954353 -0.72976 -0.677009 0.927097 -0.312811 0.206495
1 3 11 98
86.192 12.2696 -73.5571 -0.362468 -0.607946 0.706412 -0.0954353 -0.72976 -0.677009 0.927097 -0.312811 0.206495
1 3 11 99
86.192 12.2696 -73.5571 -0.362468 -0.607946 0.706412 -0.0954353 -0.72976 -0.677009 0.927097 -0.312811 0.206495
1 7 11 100
60.3545 67.0009 -57.0993 -0.122312 0.471494 0.873346 -0.627166 -0.718718 0.30018 0.769222 -0.511017 0.383613
1 7 11 101
60.3545 67.0009 -57.0993 -0.122312 0.471494 0.873346 -0.627166 -0.718718 0.30018 0.769222 -0.511017 0.383613
1 7 11 102
60.3545 67.0009 -57.0993 -0.122312 0.471494 0.873346 -0.627166 -0.718718 0.30018 0.769222 -0.511017 0.383613
1 7 11 103
60.3545 67.0009 -57.0993 -0.122312 0.471494 0.873346 -0.627166 -0.718718 0.30018 0.769222 -0.511017 0.383613
1 0 11 104
82.0099 43.9701 -66.0282 -0.327205 -0.072903 0.942137 -0.401729 -0.891702 -0.208521 0.855307 -0.446713 0.262482
1 0 11 105
82.0099 43.9701 -66.0282 -0.327205 -0.072903 0.942137 -0.401729 -0.891702 -0.208521 0.855307 -0.446713 0.262482
1 0 11 106
82.0099 43.9701 -66.0282 -0.327205 -0.072903 0.942137 -0.401729 -0.891702 -0.208521 0.855307 -0.446713 0.262482
1 0 11 107
82.0099 43.9701 -66.0282 -0.327205 -0.072903 0.942137 -0.401729 -0.891702 -0.208521 0.855307 -0.446713 0.262482
1 4 11 108
82.0099 43.9701 -66.0282 -0.327205 -0.0729029 0.942137 -0.401729 -0.891702 -0.208521 0.855307 -0.446713 0.262482
1 4 11 109
82.0099 43.9701 -66.0282 -0.327205 -0.0729029 0.942137 -0.401729 -0.891702 -0.208521 0.855307 -0.446713 0.262482
1 4 11 110
82.0099 43.9701 -66.0282 -0.327205 -0.0729029 0.942137 -0.401729 -0.891702 -0.208521 0.855307 -0.446713 0.262482
1 4 11 111
82.0099 43.9701 -66.0282 -0.327205 -0.0729029 0.942137 -0.401729 -0.891702 -0.208521 0.855307 -0.446713 0.262482
1 0 11 112
18.5342 -45.1534 -62.7578 0.323126 -0.856014 -0.403521 0.479121 0.515685 -0.71029 0.816108 0.0361782 0.576766
1 0 11 113
18.5342 -45.1534 -62.7578 0.323126 -0.856014 -0.403521 0.479121 0.515685 -0.71029 0.816108 0.0361782 0.576766
2 2 11 114
1.11571 -57.529 -45.1443 0.280111 0.551605 -0.785665 0.620215 0.520693 0.586696 0.732714 -0.651622 -0.196262
2 3 11 115
24.7662 -65.0172 17.2028 0.141665 -0.457793 -0.877699 0.945376 -0.200395 0.25711 -0.29359 -0.86618 0.404398
2 0 11 116
-32.2491 -28.9181 -29.8534 0.923058 -0.00488753 0.384631 0.380524 -0.134666 -0.914913 0.0562683 0.990879 -0.122444
2 1 11 117
-1.64269 25.6732 -54.053 0.56825 -0.66143 0.489492 -0.40456 -0.742581 -0.533765 0.716535 0.105283 -0.68956
2 2 11 118
30.5018 -64.8503 -52.1636 -0.014533 0.363476 -0.93149 0.617055 0.736298 0.277683 0.786786 -0.570745 -0.234985
2 3 11 119
51.1656 -68.3957 11.5782 -0.195758 -0.295532 -0.935061 0.953499 -0.280185 -0.111064 -0.229167 -0.913322 0.336638
2 0 11 120
-11.9375 -51.5657 -38.451 0.713832 -0.0193058 0.700051 0.681948 -0.208281 -0.701117 0.159343 0.977878 -0.135512
2 1 11 121
-1.95581 12.1818 -56.8684 0.629312 -0.348816 0.694473 -0.229672 -0.937173 -0.262596 0.74244 0.00575374 -0.669888
2 2 11 122
63.6138 -59.4871 -57.1734 -0.313404 0.0784799 -0.946371 0.487766 0.868373 -0.0895186 0.814778 -0.489663 -0.310431
2 3 11 123
79.5281 -60.423 8.00665 -0.543101 -0.0956637 -0.8342 0.81702 -0.289392 -0.49873 -0.193701 -0.952418 0.235328
2 0 11 124
18.5596 -65.2035 -47.0221 0.370205 -0.00214373 0.928948 0.889626 -0.287056 -0.355197 0.267422 0.957911 -0.104363
2 1 11 125
3.56298 -1.25781 -60.7563 0.615858 0.0539342 0.786009 -0.0310456 -0.995218 0.0926146 0.787246 -0.0814395 -0.611238
2 2 11 126
99.5814 -32.7605 -58.1636 -0.58718 -0.343196 -0.7331 0.154286 0.841614 -0.517573 0.794617 -0.417016 -0.441228
2 3 11 127
108.212 -33.6765 8.37409 -0.869946 0.147593 -0.470542 0.445169 -0.17549 -0.878082 -0.212174 -0.973355 0.0869626
2 0 11 128
63.3711 -61.7752 -54.6178 -0.168682 0.0677925 0.983336 0.912598 -0.366217 0.181795 0.372439 0.928057 -9.30956e-05
2 1 11 129
18.5728 -13.1506 -66.0781 0.474946 0.568955 0.671354 0.187113 -0.810735 0.554705 0.859893 -0.137836 -0.491514
2 7 11 130
87.5525 59.6986 32.1006 -0.48726 0.220338 0.845002 -0.6967 0.485305 -0.528288 -0.526486 -0.846127 -0.08296
2 5 11 131
64.6051 5.65753 -70.6249 -0.19106 0.847396 -0.495396 0.134188 0.522503 0.842012 0.972363 0.0943989 -0.21354
2 2 11 132
116.494 24.8867 -49.0275 -0.606193 -0.783261 -0.137956 -0.41888 0.461883 -0.781795 0.67607 -0.416132 -0.608082
2 3 11 133
117.115 17.9093 17.7071 -0.914809 0.318382 0.248509 -0.211955 0.145312 -0.966416 -0.343801 -0.936759 -0.0654502
2 0 11 134
109.644 -20.817 -54.4913 -0.779304 0.211312 0.589943 0.486386 -0.389617 0.782065 0.395112 0.896407 0.200851
2 5 11 135
45.0749 -12.9065 -70.9502 0.136282 0.97836 0.155689 0.294874 -0.190093 0.936437 0.945768 -0.081711 -0.314399
2 2 11 136
116.494 24.8867 -49.0275 -0.606193 -0.783261 -0.137956 -0.41888 0.461883 -0.781795 0.67607 -0.416132 -0.608082
2 3 11 137
117.115 17.9093 17.7071 -0.914809 0.318382 0.248509 -0.211955 0.145312 -0.966416 -0.343801 -0.936759 -0.0654502
2 0 11 138
109.644 -20.817 -54.4913 -0.779304 0.211312 0.589943 0.486386 -0.389617 0.782065 0.395112 0.896407 0.200851
2 5 11 139
45.0749 -12.9065 -70.9502 0.136282 0.97836 0.155689 0.294874 -0.190093 0.936437 0.945768 -0.081711 -0.314399
2 3 11 140
0.361446 -50.4297 24.8442 0.468582 -0.582559 -0.66412 0.794391 -0.0510292 0.60526 -0.386489 -0.811185 0.438868
2 0 11 141
-42.4544 2.58487 -21.2474 0.999049 0.0407044 -0.0156252 -0.012903 -0.0663023 -0.997716 -0.0416475 0.996969 -0.065714
2 1 11 142
4.43215 39.1877 -52.3032 0.433687 -0.88433 0.172844 -0.555628 -0.413473 -0.721331 0.709361 0.216795 -0.670677
2 0 11 143
14.3668 -59.8465 -51.8665 0.492959 -0.606833 -0.623494 0.497515 0.784502 -0.370184 0.713772 -0.127712 0.688636
2 3 11 144
78.9198 -47.795 -38.0731 -0.57202 -0.820239 0.00143178 0.616536 -0.431111 -0.658806 0.540996 -0.375968 0.752311
2 0 11 145
-0.113085 -55.1755 -47.0685 0.727083 -0.685149 -0.0438331 0.490004 0.562594 -0.665871 0.480881 0.462665 0.744778
2 3 11 146
57.6539 -26.0849 -64.9373 -0.245079 -0.805326 0.539801 0.296292 -0.592359 -0.749214 0.923118 -0.023678 0.383787
2 0 11 147
44.3098 -61.6399 -57.8118 0.227125 -0.843734 -0.486341 0.581654 0.518062 -0.627129 0.781085 -0.140445 0.608426
2 3 11 148
98.8206 -28.1432 -37.5849 -0.79299 -0.577044 0.195415 0.31944 -0.666947 -0.673157 0.518773 -0.471384 0.713213
2 0 11 149
28.8489 -62.9644 -54.1085 0.462122 -0.87289 0.156541 0.679054 0.234767 -0.695536 0.570376 0.427723 0.70123
2 3 11 150
72.8418 -13.4986 -65.0784 -0.396574 -0.52665 0.75191 0.109405 -0.840348 -0.530891 0.91146 -0.128275 0.390879
2 0 11 151
80.5487 -47.1899 -61.4672 -0.132557 -0.974327 -0.181975 0.530782 0.0852725 -0.843207 0.837078 -0.208362 0.505852
2 3 11 152
111.31 5.11465 -32.8218 -0.887779 -0.159617 0.431706 -0.139368 -0.800688 -0.582645 0.438662 -0.577427 0.688589
2 0 11 153
67.2688 -55.8585 -59.7334 0.0451054 -0.911475 0.408875 0.747718 -0.240621 -0.618885 0.662482 0.333638 0.670673
2 3 11 154
83.715 9.14645 -62.2754 -0.470906 -0.0607018 0.880092 -0.186085 -0.968348 -0.166357 0.862334 -0.24211 0.444706
2 7 11 155
38.0452 80.6407 -3.1229 0.235883 0.816419 0.527086 -0.970341 0.168353 0.173482 0.0528975 -0.552374 0.831916
2 7 11 156
37.2819 67.0199 -41.3217 0.233419 0.970245 0.0643509 -0.757417 0.139919 0.637763 0.609782 -0.197607 0.76754
2 0 11 157
113.885 9.18319 -55.654 -0.561802 -0.689796 0.456684 0.0881763 -0.598821 -0.796014 0.822559 -0.406934 0.397243
2 3 11 158
92.7425 60.2653 -17.6253 -0.527481 0.543449 0.653014 -0.818669 -0.530555 -0.219755 0.227034 -0.650519 0.724763
2 0 11 159
111.342 -6.46867 -57.4025 -0.588239 -0.45803 0.666471 0.395808 -0.881747 -0.25663 0.705203 0.112835 0.69997
2 7 11 160
74.2563 49.1904 -51.989 -0.25671 0.701462 0.664869 -0.637554 -0.639923 0.428979 0.726377 -0.313767 0.611495
2 0 11 161
113.885 9.18319 -55.654 -0.561802 -0.689796 0.456684 0.0881763 -0.598821 -0.796014 0.822559 -0.406934 0.397243
2 3 11 162
92.7425 60.2653 -17.6253 -0.527481 0.543449 0.653014 -0.818669 -0.530555 -0.219755 0.227034 -0.650519 0.724763
2 0 11 163
111.342 -6.46867 -57.4025 -0.588239 -0.45803 0.666471 0.395808 -0.881747 -0.25663 0.705203 0.112835 0.69997
2 7 11 164
74.2563 49.1904 -51.989 -0.25671 0.701462 0.664869 -0.637554 -0.639923 0.428979 0.726377 -0.313767 0.611495
2 0 11 165
-28.9856 -28.5565 -37.1471 0.812324 0.00568574 -0.583179 0.112068 0.979796 0.165654 0.572338 -0.199921 0.795274
2 3 11 166
30.0876 -59.8919 -31.5767 0.045962 -0.959828 -0.276799 0.87535 0.172204 -0.451784 0.481301 -0.221531 0.8481
2 0 11 167
-36.2305 -15.3564 -31.8768 0.944372 -0.0876731 -0.316976 -0.0601692 0.901485 -0.428607 0.323327 0.423837 0.846063
2 3 11 168
22.7023 -31.5114 -59.5992 0.162468 -0.986655 0.0108171 0.447222 0.0638612 -0.89214 0.879543 0.149782 0.451629
2 0 11 169
6.89633 -57.635 -49.7643 0.628225 -0.698637 -0.342403 0.487561 0.696468 -0.526514 0.606315 0.163826 0.778167
2 3 11 170
70.889 -37.7821 -53.4228 -0.445548 -0.843461 0.300099 0.467075 -0.504976 -0.725838 0.763759 -0.183227 0.618951
2 0 11 171
6.89633 -57.635 -49.7643 0.628225 -0.698637 -0.342403 0.487561 0.696468 -0.526514 0.606315 0.163826 0.778167
2 3 11 172
70.889 -37.7821 -53.4228 -0.445548 -0.843461 0.300099 0.467075 -0.504976 -0.725838 0.763759 -0.183227 0.618951
2 0 11 173
36.3255 -62.4798 -56.2641 0.364214 -0.914811 -0.174554 0.630165 0.38008 -0.677076 0.685741 0.136603 0.714912
2 3 11 174
88.6296 -20.5686 -53.0526 -0.634604 -0.584933 0.505105 0.20925 -0.759207 -0.616295 0.743971 -0.28541 0.604193
2 0 11 175
36.3255 -62.4798 -56.2641 0.364214 -0.914811 -0.174554 0.630165 0.38008 -0.677076 0.685741 0.136603 0.714912
2 3 11 176
88.6296 -20.5686 -53.0526 -0.634604 -0.584933 0.505105 0.20925 -0.759207 -0.616295 0.743971 -0.28541 0.604193
2 0 11 177
73.6277 -51.8579 -60.9324 -0.0252928 -0.99402 0.106233 0.647352 -0.0972629 -0.75596 0.761771 0.0496499 0.645941
2 3 11 178
99.9733 8.67685 -48.9312 -0.714321 -0.140097 0.685652 -0.186799 -0.906038 -0.379737 0.674427 -0.399334 0.621032
2 0 11 179
73.6277 -51.8579 -60.9324 -0.0252928 -0.99402 0.106233 0.647352 -0.0972629 -0.75596 0.761771 0.0496499 0.645941
2 3 11 180
99.9733 8.67685 -48.9312 -0.714321 -0.140097 0.685652 -0.186799 -0.906038 -0.379737 0.674427 -0.399334 0.621032
2 7 11 181
35.382 76.4382 -22.4977 0.268415 0.917669 0.292978 -0.901449 0.132054 0.412252 0.339622 -0.374759 0.862677
2 7 11 182
35.382 76.4382 -22.4977 0.268415 0.917669 0.292978 -0.901449 0.132054 0.412252 0.339622 -0.374759 0.862677
2 0 11 183
112.769 1.28879 -56.885 -0.571489 -0.589047 0.571335 0.255553 -0.789362 -0.558211 0.779803 -0.173005 0.601645
2 3 11 184
83.9563 57.9736 -35.4555 -0.397284 0.620202 0.676399 -0.775898 -0.620598 0.113313 0.490049 -0.479799 0.727767
2 0 11 185
112.769 1.28879 -56.885 -0.571489 -0.589047 0.571335 0.255553 -0.789362 -0.558211 0.779803 -0.173005 0.601645
2 3 11 186
83.9563 57.9736 -35.4555 -0.397284 0.620202 0.676399 -0.775898 -0.620598 0.113313 0.490049 -0.479799 0.727767
2 4 11 187
112.769 1.2888 -56.885 -0.571489 -0.589047 0.571335 0.255553 -0.789362 -0.558211 0.779803 -0.173005 0.601645
2 7 11 188
83.9563 57.9736 -35.4555 -0.397284 0.620202 0.676399 -0.775898 -0.620598 0.113313 0.490049 -0.479799 0.727767
2 4 11 189
112.769 1.2888 -56.885 -0.571489 -0.589047 0.571335 0.255553 -0.789362 -0.558211 0.779803 -0.173005 0.601645
2 7 11 190
83.9563 57.9736 -35.4555 -0.397284 0.620202 0.676399 -0.775898 -0.620598 0.113313 0.490049 -0.479799 0.727767
2 0 11 191
-32.8004 -22.147 -34.83 0.889575 -0.0705828 -0.451302 0.0126889 0.991427 -0.130046 0.456612 0.109959 0.882844
2 3 11 192
27.7123 -48.1733 -47.6138 0.0856764 -0.989848 -0.113405 0.695238 0.140927 -0.704829 0.713655 -0.0184564 0.700254
2 0 11 193
-32.8004 -22.147 -34.83 0.889575 -0.0705828 -0.451302 0.0126889 0.991427 -0.130046 0.456612 0.109959 0.882844
2 3 11 194
27.7123 -48.1733 -47.6138 0.0856764 -0.989848 -0.113405 0.695238 0.140927 -0.704829 0.713655 -0.0184564 0.700254
2 2 11 195
8.45865 -63.7738 -42.4446 0.145401 0.955951 0.254983 0.906847 -0.231816 0.351979 0.395584 0.180053 -0.900608
2 1 11 196
-23.6827 -25.6466 2.45346 0.915634 0.174495 -0.362167 0.37238 -0.707604 0.600525 -0.151483 -0.684725 -0.712885
2 2 11 197
8.45865 -63.7738 -42.4446 0.145401 0.955951 0.254983 0.906847 -0.231816 0.351979 0.395584 0.180053 -0.900608
2 1 11 198
-23.6827 -25.6466 2.45346 0.915634 0.174495 -0.362167 0.37238 -0.707604 0.600525 -0.151483 -0.684725 -0.712885
2 2 11 199
46.9001 -67.504 -50.3814 -0.306025 0.94207 0.137305 0.831611 0.194318 0.520253 0.463434 0.273395 -0.842902
2 1 11 200
-2.17705 -52.3026 -7.21975 0.660617 0.523616 -0.53797 0.750352 -0.483064 0.451243 -0.0235957 -0.701766 -0.712017
2 2 11 201
46.9001 -67.504 -50.3814 -0.306025 0.94207 0.137305 0.831611 0.194318 0.520253 0.463434 0.273395 -0.842902
2 1 11 202
-2.17705 -52.3026 -7.21975 0.660617 0.523616 -0.53797 0.750352 -0.483064 0.451243 -0.0235957 -0.701766 -0.712017
2 2 11 203
96.2337 -42.2259 -54.1635 -0.792849 0.594137 -0.135615 0.397977 0.67331 0.623111 0.461524 0.440062 -0.770286
2 1 11 204
44.5157 -66.3933 -18.8964 0.058835 0.770833 -0.634315 0.98855 0.0434548 0.144499 0.138948 -0.635554 -0.75945
2 2 11 205
96.2337 -42.2259 -54.1635 -0.792849 0.594137 -0.135615 0.397977 0.67331 0.623111 0.461524 0.440062 -0.770286
2 1 11 206
44.5157 -66.3933 -18.8964 0.058835 0.770833 -0.634315 0.98855 0.0434548 0.144499 0.138948 -0.635554 -0.75945
2 5 11 207
113.32 -14.6973 -20.6692 -0.907507 0.289803 -0.304047 0.375641 0.88385 -0.278753 0.187948 -0.367182 -0.910962
2 5 11 208
113.32 -14.6973 -20.6692 -0.907507 0.289803 -0.304047 0.375641 0.88385 -0.278753 0.187948 -0.367182 -0.910962
2 2 11 209
118.913 2.02673 -48.9518 -0.916237 0.0758866 -0.393383 -0.167228 0.819828 0.547646 0.364066 0.567559 -0.738467
2 5 11 210
86.7046 -51.0353 -23.4638 -0.515752 0.666508 -0.538299 0.830104 0.544207 -0.121512 0.211958 -0.509515 -0.833948
2 2 11 211
118.913 2.02673 -48.9518 -0.916237 0.0758866 -0.393383 -0.167228 0.819828 0.547646 0.364066 0.567559 -0.738467
2 5 11 212
86.7046 -51.0353 -23.4638 -0.515752 0.666508 -0.538299 0.830104 0.544207 -0.121512 0.211958 -0.509515 -0.833948
2 2 11 213
118.913 2.02673 -48.9518 -0.916237 0.0758866 -0.393383 -0.167228 0.819828 0.547646 0.364066 0.567559 -0.738467
2 5 11 214
86.7046 -51.0353 -23.4638 -0.515752 0.666508 -0.538299 0.830104 0.544207 -0.121512 0.211958 -0.509515 -0.833948
2 2 11 215
118.913 2.02673 -48.9518 -0.916237 0.0758866 -0.393383 -0.167228 0.819828 0.547646 0.364066 0.567559 -0.738467
2 5 11 216
86.7046 -51.0353 -23.4638 -0.515752 0.666508 -0.538299 0.830104 0.544207 -0.121512 0.211958 -0.509515 -0.833948
2 2 11 217
81.8986 16.7792 -28.9662 -0.875862 0.243118 -0.416845 -0.482549 -0.447636 0.75284 -0.0035659 0.860532 0.509384
2 3 11 218
81.8986 16.7792 -28.9661 -0.875862 0.243118 -0.416845 -0.482549 -0.447636 0.75284 -0.00356607 0.860532 0.509384
2 0 11 219
13.7847 2.56522 40.6144 0.285424 -0.0893627 0.954226 -0.535056 0.811181 0.23601 -0.79514 -0.577927 0.183716
2 1 11 220
13.7847 2.56524 40.6144 0.285424 -0.0893628 0.954226 -0.535056 0.811181 0.23601 -0.79514 -0.577928 0.183716
2 2 11 221
76.501 33.2822 -24.4483 -0.608587 0.341327 -0.716323 -0.784726 -0.392678 0.479592 -0.117586 0.853991 0.506827
2 3 11 222
76.501 33.2822 -24.4483 -0.608587 0.341327 -0.716323 -0.784726 -0.392678 0.479592 -0.117587 0.853991 0.506827
2 0 11 223
15.0653 -12.7457 37.1154 0.529073 -0.365031 0.766051 -0.305766 0.760099 0.573372 -0.791573 -0.537589 0.290534
2 1 11 224
15.0653 -12.7457 37.1154 0.529073 -0.365031 0.766051 -0.305767 0.760099 0.573372 -0.791573 -0.537589 0.290534
2 2 11 225
59.7085 48.7441 -18.035 -0.100979 0.423444 -0.900277 -0.963 -0.26887 -0.0184488 -0.24987 0.865104 0.434926
2 3 11 226
59.7085 48.7441 -18.035 -0.100979 0.423444 -0.900277 -0.963 -0.26887 -0.0184488 -0.24987 0.865103 0.434926
2 0 11 227
26.2167 -29.4107 31.494 0.674345 -0.660428 0.330293 0.107391 0.530258 0.841007 -0.730565 -0.531659 0.428501
2 1 11 228
26.2167 -29.4107 31.494 0.674345 -0.660428 0.330293 0.107391 0.530258 0.841007 -0.730565 -0.531659 0.428501
2 6 11 229
28.2392 50.6993 -11.7716 0.606355 0.409081 -0.681899 -0.723372 -0.0723792 -0.686654 -0.330252 0.909623 0.25203
2 7 11 230
28.2392 50.6993 -11.7716 0.606355 0.409081 -0.681899 -0.723372 -0.0723793 -0.686654 -0.330252 0.909623 0.25203
2 4 11 231
52.5118 -37.3193 24.9239 0.485144 -0.790604 -0.373606 0.655591 0.0461255 0.753706 -0.57865 -0.610589 0.54069
2 1 11 232
52.5118 -37.3193 24.9239 0.485144 -0.790603 -0.373606 0.655591 0.0461255 0.753706 -0.57865 -0.610589 0.54069
2 6 11 233
28.2392 50.6993 -11.7716 0.606355 0.409081 -0.681899 -0.723372 -0.0723792 -0.686654 -0.330252 0.909623 0.25203
2 7 11 234
28.2392 50.6993 -11.7716 0.606355 0.409081 -0.681899 -0.723372 -0.0723793 -0.686654 -0.330252 0.909623 0.25203
2 4 11 235
52.5118 -37.3193 24.9239 0.485144 -0.790604 -0.373606 0.655591 0.0461255 0.753706 -0.57865 -0.610589 0.54069
2 1 11 236
52.5118 -37.3193 24.9239 0.485144 -0.790603 -0.373606 0.655591 0.0461255 0.753706 -0.57865 -0.610589 0.54069
2 2 11 237
72.0052 -14.9006 -33.8755 -0.945028 0.0375105 0.324831 0.278482 -0.428322 0.859644 0.171378 0.902847 0.39433
2 3 11 238
72.0052 -14.9006 -33.8755 -0.945028 0.0375103 0.324831 0.278482 -0.428322 0.859644 0.171378 0.902847 0.39433
2 2 11 239
27.1671 36.6921 -32.9038 -0.159989 0.985059 0.0637379 -0.922813 -0.172179 0.34463 0.350456 -0.00368101 0.936572
2 3 11 240
27.1671 36.6921 -32.9038 -0.159989 0.985059 0.063738 -0.922813 -0.172179 0.34463 0.350456 -0.00368105 0.936572
2 0 11 241
5.6728 35.3739 -6.93798 0.220954 0.814895 0.535841 -0.973479 0.150864 0.171983 0.0593097 -0.55963 0.826618
2 1 11 242
5.67281 35.3739 -6.93799 0.220953 0.814895 0.535841 -0.973479 0.150863 0.171983 0.0593098 -0.55963 0.826618
2 2 11 243
19.3338 31.0236 -32.6558 0.169269 0.977098 -0.128945 -0.943501 0.198468 0.265359 0.284874 0.0767426 0.955488
2 3 11 244
19.3339 31.0236 -32.6558 0.169269 0.977098 -0.128945 -0.943502 0.198467 0.265359 0.284874 0.0767425 0.955488
2 0 11 245
-1.79823 19.8386 -8.85877 0.560105 0.73632 0.379626 -0.827972 0.482469 0.285807 0.0272878 -0.474402 0.879886
2 1 11 246
-1.79822 19.8387 -8.85877 0.560105 0.73632 0.379626 -0.827972 0.482469 0.285807 0.0272879 -0.474402 0.879885
2 2 11 247
13.2681 20.2782 -33.8174 0.568298 0.761531 -0.311622 -0.785706 0.614704 0.069319 0.244344 0.20545 0.947674
2 3 11 248
13.2681 20.2782 -33.8174 0.568298 0.761531 -0.311622 -0.785706 0.614704 0.0693191 0.244344 0.205449 0.947674
2 0 11 249
-1.94862 -1.90439 -13.4619 0.87832 0.459361 0.132446 -0.476127 0.815524 0.328974 0.0431043 -0.352005 0.935005
2 1 11 250
-1.94862 -1.90438 -13.4619 0.87832 0.459361 0.132447 -0.476127 0.815524 0.328974 0.0431044 -0.352005 0.935005
2 6 11 251
16.5386 0.323614 -38.6753 0.936765 0.029445 -0.348719 -0.166639 0.913768 -0.370485 0.30774 0.405168 0.860892
2 3 11 252
16.5386 0.323623 -38.6753 0.936765 0.0294452 -0.348719 -0.166639 0.913768 -0.370485 0.30774 0.405168 0.860892
2 0 11 253
20.9601 -29.5297 -23.6023 0.931937 -0.266804 -0.245579 0.303069 0.944932 0.123501 0.199104 -0.189522 0.961477
2 5 11 254
20.9601 -29.5297 -23.6023 0.931937 -0.266804 -0.245579 0.303069 0.944932 0.123501 0.199105 -0.189522 0.961477
2 6 11 255
16.5386 0.323614 -38.6753 0.936765 0.029445 -0.348719 -0.166639 0.913768 -0.370485 0.30774 0.405168 0.860892
2 3 11 256
16.5386 0.323623 -38.6753 0.936765 0.0294452 -0.348719 -0.166639 0.913768 -0.370485 0.30774 0.405168 0.860892
2 0 11 257
20.9601 -29.5297 -23.6023 0.931937 -0.266804 -0.245579 0.303069 0.944932 0.123501 0.199104 -0.189522 0.961477
2 5 11 258
20.9601 -29.5297 -23.6023 0.931937 -0.266804 -0.245579 0.303069 0.944932 0.123501 0.199105 -0.189522 0.961477
2 2 11 259
44.4031 38.1922 -35.7867 -0.63577 0.64106 0.429929 -0.577214 -0.764652 0.286586 0.512464 -0.0659584 0.856172
2 3 11 260
44.4031 38.1922 -35.7867 -0.63577 0.641059 0.429929 -0.577214 -0.764652 0.286586 0.512464 -0.0659584 0.856172
2 0 11 261
31.84 52.7887 -8.0906 -0.429341 0.614693 0.661679 -0.880745 -0.447118 -0.156117 0.199885 -0.649798 0.733354
2 1 11 262
31.8401 52.7887 -8.0906 -0.429341 0.614693 0.661679 -0.880745 -0.447119 -0.156117 0.199885 -0.649798 0.733354
2 0 11 263
14.2422 37.2508 -21.7313 0.0546337 0.950599 0.305577 -0.967549 -0.0252135 0.251422 0.246706 -0.309397 0.918373
2 3 11 264
14.2422 37.2508 -21.7313 0.0546335 0.950599 0.305577 -0.967549 -0.0252137 0.251422 0.246706 -0.309397 0.918373
2 0 11 265
14.2422 37.2508 -21.7313 0.0546337 0.950599 0.305577 -0.967549 -0.0252135 0.251422 0.246706 -0.309397 0.918373
2 3 11 266
14.2422 37.2508 -21.7313 0.0546335 0.950599 0.305577 -0.967549 -0.0252137 0.251422 0.246706 -0.309397 0.918373
2 0 11 267
6.43648 25.9636 -22.6851 0.390403 0.911209 0.131468 -0.898892 0.346414 0.26831 0.198944 -0.222925 0.95432
2 3 11 268
6.43649 25.9636 -22.6851 0.390403 0.911209 0.131468 -0.898892 0.346414 0.26831 0.198944 -0.222925 0.95432
2 0 11 269
6.43648 25.9636 -22.6851 0.390403 0.911209 0.131468 -0.898892 0.346414 0.26831 0.198944 -0.222925 0.95432
2 3 11 270
6.43649 25.9636 -22.6851 0.390403 0.911209 0.131468 -0.898892 0.346414 0.26831 0.198944 -0.222925 0.95432
2 0 11 271
3.50046 8.88301 -25.7776 0.747408 0.659198 -0.0827019 -0.637101 0.746456 0.192111 0.188373 -0.0908961 0.977882
2 3 11 272
3.50047 8.88302 -25.7776 0.747408 0.659198 -0.0827018 -0.637101 0.746455 0.192111 0.188373 -0.0908961 0.977882
2 0 11 273
3.50046 8.88301 -25.7776 0.747408 0.659198 -0.0827019 -0.637101 0.746456 0.192111 0.188373 -0.0908961 0.977882
2 3 11 274
3.50047 8.88302 -25.7776 0.747408 0.659198 -0.0827018 -0.637101 0.746455 0.192111 0.188373 -0.0908961 0.977882
2 0 11 275
17.8536 -15.9902 -33.7422 0.950161 -0.111588 -0.291107 0.075503 0.988316 -0.132407 0.30248 0.103829 0.947484
2 3 11 276
17.8536 -15.9902 -33.7422 0.950161 -0.111588 -0.291107 0.0755029 0.988316 -0.132407 0.30248 0.103829 0.947484
2 0 11 277
17.8536 -15.9902 -33.7422 0.950161 -0.111588 -0.291107 0.075503 0.988316 -0.132407 0.30248 0.103829 0.947484
2 3 11 278
17.8536 -15.9902 -33.7422 0.950161 -0.111588 -0.291107 0.0755029 0.988316 -0.132407 0.30248 0.103829 0.947484
2 4 11 279
17.8537 -15.9902 -33.7422 0.950161 -0.111589 -0.291107 0.0755031 0.988316 -0.132407 0.30248 0.103829 0.947484
2 7 11 280
17.8536 -15.9902 -33.7422 0.950161 -0.111588 -0.291107 0.0755029 0.988316 -0.132407 0.30248 0.103829 0.947484
2 4 11 281
17.8537 -15.9902 -33.7422 0.950161 -0.111589 -0.291107 0.0755031 0.988316 -0.132407 0.30248 0.103829 0.947484
2 7 11 282
17.8536 -15.9902 -33.7422 0.950161 -0.111588 -0.291107 0.0755029 0.988316 -0.132407 0.30248 0.103829 0.947484
2 0 11 283
36.7893 47.6849 -23.6981 -0.516751 0.654684 0.551686 -0.758296 -0.649139 0.0600546 0.397437 -0.387307 0.831887
2 3 11 284
36.7893 47.6849 -23.6981 -0.516751 0.654684 0.551686 -0.758295 -0.649139 0.0600545 0.397437 -0.387307 0.831887
2 0 11 285
36.7893 47.6849 -23.6981 -0.516751 0.654684 0.551686 -0.758296 -0.649139 0.0600546 0.397437 -0.387307 0.831887
2 3 11 286
36.7893 47.6849 -23.6981 -0.516751 0.654684 0.551686 -0.758295 -0.649139 0.0600545 0.397437 -0.387307 0.831887
2 2 11 287
73.1681 -28.2082 23.8194 -0.509809 -0.783342 0.355626 0.134965 0.335434 0.932345 -0.849634 0.523316 -0.0652837
2 1 11 288
73.1681 -28.2082 23.8194 -0.509809 -0.783342 0.355626 0.134965 0.335434 0.932346 -0.849635 0.523316 -0.0652837
2 2 11 289
73.1681 -28.2082 23.8194 -0.509809 -0.783342 0.355626 0.134965 0.335434 0.932345 -0.849634 0.523316 -0.0652837
2 1 11 290
73.1681 -28.2082 23.8194 -0.509809 -0.783342 0.355626 0.134965 0.335434 0.932346 -0.849635 0.523316 -0.0652837
2 2 11 291
83.6675 -14.273 24.8367 -0.450889 -0.887456 -0.0955 -0.0146987 -0.0995963 0.994919 -0.892459 0.450002 0.0318624
2 1 11 292
83.6674 -14.273 24.8367 -0.450889 -0.887456 -0.0955001 -0.0146987 -0.0995964 0.994919 -0.892459 0.450002 0.0318624
2 2 11 293
83.6675 -14.273 24.8367 -0.450889 -0.887456 -0.0955 -0.0146987 -0.0995963 0.994919 -0.892459 0.450002 0.0318624
2 1 11 294
83.6674 -14.273 24.8367 -0.450889 -0.887456 -0.0955001 -0.0146987 -0.0995964 0.994919 -0.892459 0.450002 0.0318624
2 2 11 295
85.5204 9.81459 29.6229 -0.263408 -0.67514 -0.689059 -0.141363 -0.67956 0.719872 -0.954271 0.287027 0.0835616
2 1 11 296
85.5204 9.81459 29.6229 -0.263407 -0.67514 -0.689059 -0.141362 -0.67956 0.719872 -0.954271 0.287027 0.0835616
2 2 11 297
85.5204 9.81459 29.6229 -0.263408 -0.67514 -0.689059 -0.141363 -0.67956 0.719872 -0.954271 0.287027 0.0835616
2 1 11 298
85.5204 9.81459 29.6229 -0.263407 -0.67514 -0.689059 -0.141362 -0.67956 0.719872 -0.954271 0.287027 0.0835616
2 6 11 299
53.5918 35.1011 40.941 0.111414 0.36318 -0.925034 0.000135972 -0.930834 -0.365441 -0.993774 0.0405894 -0.103757
2 5 11 300
53.5918 35.101 40.941 0.111414 0.36318 -0.925034 0.000136156 -0.930834 -0.365441 -0.993774 0.0405893 -0.103757
2 6 11 301
53.5918 35.1011 40.941 0.111414 0.36318 -0.925034 0.000135972 -0.930834 -0.365441 -0.993774 0.0405894 -0.103757
2 5 11 302
53.5918 35.101 40.941 0.111414 0.36318 -0.925034 0.000136156 -0.930834 -0.365441 -0.993774 0.0405893 -0.103757
2 6 11 303
73.7587 27.6216 35.6009 -0.0558033 -0.202072 -0.97778 -0.1286 -0.969694 0.20774 -0.990125 0.137335 0.0281256
2 5 11 304
73.7587 27.6216 35.6009 -0.0558032 -0.202072 -0.97778 -0.1286 -0.969694 0.20774 -0.990125 0.137335 0.0281256
2 6 11 305
73.7587 27.6216 35.6009 -0.0558033 -0.202072 -0.97778 -0.1286 -0.969694 0.20774 -0.990125 0.137335 0.0281256
2 5 11 306
73.7587 27.6216 35.6009 -0.0558032 -0.202072 -0.97778 -0.1286 -0.969694 0.20774 -0.990125 0.137335 0.0281256
2 6 11 307
73.7587 27.6216 35.6009 -0.0558033 -0.202072 -0.97778 -0.1286 -0.969694 0.20774 -0.990125 0.137335 0.0281256
2 5 11 308
73.7587 27.6216 35.6009 -0.0558032 -0.202072 -0.97778 -0.1286 -0.969694 0.20774 -0.990125 0.137335 0.0281256
2 6 11 309
73.7587 27.6216 35.6009 -0.0558033 -0.202072 -0.97778 -0.1286 -0.969694 0.20774 -0.990125 0.137335 0.0281256
2 5 11 310
73.7587 27.6216 35.6009 -0.0558032 -0.202072 -0.97778 -0.1286 -0.969694 0.20774 -0.990125 0.137335 0.0281256
2 2 11 311
35.5312 -77.3923 -19.1727 -0.00562683 0.00696609 -0.99996 0.948985 0.315305 -0.00314345 0.315271 -0.948965 -0.00838489
2 3 11 312
35.5312 -77.3923 -19.1727 -0.00562686 0.00696595 -0.99996 0.948985 0.315305 -0.00314354 0.315271 -0.948965 -0.00838476
2 0 11 313
-9.62359 -22.5659 -59.0581 0.721433 -0.196289 0.664082 0.324427 -0.751424 -0.574551 0.611785 0.629947 -0.478421
2 1 11 314
-9.62359 -22.5659 -59.0581 0.721433 -0.196289 0.664082 0.324427 -0.751424 -0.574551 0.611785 0.629946 -0.478421
2 2 11 315
70.9343 -71.9943 -24.6008 -0.404967 -0.053775 -0.912749 0.83796 0.377575 -0.39403 0.36582 -0.924416 -0.107844
2 3 11 316
70.9343 -71.9943 -24.6008 -0.404967 -0.0537751 -0.912749 0.83796 0.377575 -0.39403 0.36582 -0.924416 -0.107844
2 0 11 317
10.5443 -35.8758 -65.6401 0.488377 0.0763734 0.869284 0.524204 -0.822071 -0.222281 0.697637 0.564239 -0.441516
2 1 11 318
10.5442 -35.8758 -65.6401 0.488377 0.0763735 0.869284 0.524204 -0.822071 -0.222281 0.697637 0.564239 -0.441516
2 2 11 319
109.602 -43.8019 -25.7805 -0.8096 -0.165107 -0.563283 0.462777 0.410787 -0.785552 0.361089 -0.896657 -0.256165
2 3 11 320
109.602 -43.8019 -25.7805 -0.8096 -0.165107 -0.563283 0.462777 0.410786 -0.785552 0.361089 -0.896657 -0.256165
2 0 11 321
42.8772 -38.5026 -72.207 0.0858304 0.444761 0.891527 0.606989 -0.732932 0.307205 0.790062 0.514779 -0.332873
2 1 11 322
42.8772 -38.5026 -72.207 0.0858305 0.444761 0.891527 0.606989 -0.732932 0.307205 0.790062 0.514779 -0.332873
2 4 11 323
91.5549 28.7032 -66.937 -0.630167 0.737942 -0.241518 -0.171589 0.171008 0.970213 0.757262 0.652839 0.0188597
2 5 11 324
91.5549 28.7032 -66.937 -0.630167 0.737942 -0.241518 -0.171589 0.171008 0.970213 0.757262 0.652838 0.0188596
2 2 11 325
128.24 17.6145 -16.1623 -0.936996 -0.315276 0.150464 -0.26274 0.352145 -0.89831 0.23023 -0.881246 -0.412795
2 7 11 326
128.24 17.6145 -16.1623 -0.936996 -0.315276 0.150464 -0.26274 0.352145 -0.89831 0.23023 -0.881246 -0.412794
2 4 11 327
80.5676 -14.2202 -74.0379 -0.42567 0.77373 0.469197 0.356417 -0.333238 0.87288 0.831728 0.538789 -0.133921
2 5 11 328
80.5676 -14.2202 -74.0379 -0.42567 0.77373 0.469197 0.356417 -0.333238 0.87288 0.831728 0.538789 -0.133921
2 2 11 329
128.24 17.6145 -16.1623 -0.936996 -0.315276 0.150464 -0.26274 0.352145 -0.89831 0.23023 -0.881246 -0.412795
2 7 11 330
