0 0 11 0
16.2526 -20.8745 50.2964 0.18497 0.936133 -0.299068 0.363526 -0.34791 -0.86418 -0.913036 0.0511287 -0.404662
0 0 11 0
16.2526 -20.8745 50.2964 0.18497 0.936133 -0.299068 0.363526 -0.34791 -0.86418 -0.913036 0.0511287 -0.404662
0 3 11 0
16.2526 -20.8745 50.2964 0.18497 0.936133 -0.299068 0.363526 -0.34791 -0.86418 -0.913036 0.0511286 -0.404662
0 3 11 0
16.2526 -20.8745 50.2964 0.18497 0.936133 -0.299068 0.363526 -0.34791 -0.86418 -0.913036 0.0511286 -0.404662
0 1 11 0
0.245805 6.30754 -41.7026 0.89264 -0.384322 0.235565 -0.0305293 -0.572927 -0.819037 0.449736 0.723914 -0.523151
0 1 11 0
0.245805 6.30754 -41.7026 0.89264 -0.384322 0.235565 -0.0305293 -0.572927 -0.819037 0.449736 0.723914 -0.523151
0 0 11 0
13.0084 -4.01644 54.4898 0.22098 0.715002 -0.66328 0.202241 -0.698905 -0.686025 -0.954079 0.0174555 -0.299046
0 0 11 0
13.0084 -4.01644 54.4898 0.22098 0.715002 -0.66328 0.202241 -0.698905 -0.686025 -0.954079 0.0174555 -0.299046
0 3 11 0
13.0084 -4.01645 54.4898 0.22098 0.715002 -0.66328 0.202241 -0.698905 -0.686025 -0.954079 0.0174554 -0.299046
0 3 11 0
13.0084 -4.01645 54.4898 0.22098 0.715002 -0.66328 0.202241 -0.698905 -0.686025 -0.954079 0.0174554 -0.299046
0 0 11 0
16.2526 -20.8745 50.2964 0.18497 0.936133 -0.299068 0.363526 -0.34791 -0.86418 -0.913036 0.0511287 -0.404662
0 0 11 0
16.2526 -20.8745 50.2964 0.18497 0.936133 -0.299068 0.363526 -0.34791 -0.86418 -0.913036 0.0511287 -0.404662
0 3 11 0
16.2526 -20.8745 50.2964 0.18497 0.936133 -0.299068 0.363526 -0.34791 -0.86418 -0.913036 0.0511286 -0.404662
0 3 11 0
16.2526 -20.8745 50.2964 0.18497 0.936133 -0.299068 0.363526 -0.34791 -0.86418 -0.913036 0.0511286 -0.404662
1 0 11 0
-16.3805 8.69058 13.6835 0.876716 0.406889 -0.256534 -0.197378 -0.182037 -0.963278 -0.438646 0.895156 -0.0792842
1 1 11 0
-16.3809 8.69307 13.6782 0.87675 0.406792 -0.256572 -0.197411 -0.182075 -0.963264 -0.438563 0.895192 -0.0793293
1 2 11 0
19.1067 1.85594 58.4267 0.111441 0.755702 -0.645365 0.0784142 -0.654072 -0.752357 -0.990673 0.0332378 -0.132148
1 1 11 0
19.104 1.86099 58.4253 0.111501 0.755654 -0.645411 0.0783403 -0.654123 -0.75232 -0.990672 0.0333231 -0.132134
1 2 11 0
19.1067 1.85594 58.4267 0.111441 0.755702 -0.645365 0.0784142 -0.654072 -0.752357 -0.990673 0.0332378 -0.132148
1 1 11 0
19.104 1.86099 58.4253 0.111501 0.755654 -0.645411 0.0783403 -0.654123 -0.75232 -0.990672 0.0333231 -0.132134
1 2 11 0
19.1054 1.85846 58.426 0.111471 0.755678 -0.645388 0.0783773 -0.654097 -0.752339 -0.990672 0.0332803 -0.132141
1 1 11 0
19.1054 1.85847 58.426 0.111471 0.755678 -0.645388 0.0783772 -0.654097 -0.752339 -0.990672 0.0332805 -0.132141
1 2 11 0
19.1054 1.85846 58.426 0.111471 0.755678 -0.645388 0.0783773 -0.654097 -0.752339 -0.990672 0.0332803 -0.132141
1 1 11 0
19.1054 1.85847 58.426 0.111471 0.755678 -0.645388 0.0783772 -0.654097 -0.752339 -0.990672 0.0332805 -0.132141
1 3 11 0
16.8973 18.3231 47.3669 0.258542 0.948869 0.181117 -0.521793 0.294964 -0.800455 -0.81295 0.112446 0.571374
1 3 11 0
16.8973 18.3231 47.3669 0.258542 0.948869 0.181117 -0.521793 0.294964 -0.800455 -0.81295 0.112446 0.571374
1 3 11 0
16.8973 18.3231 47.3669 0.258542 0.948869 0.181117 -0.521793 0.294964 -0.800455 -0.81295 0.112446 0.571374
1 3 11 0
16.8973 18.3231 47.3669 0.258542 0.948869 0.181117 -0.521793 0.294964 -0.800455 -0.81295 0.112446 0.571374
1 1 11 0
68 22.3187 -44.7564 -0.105453 -0.992302 0.0649419 -0.511018 -0.00194873 -0.859568 0.853077 -0.12383 -0.506879
1 1 11 0
68 22.3187 -44.7564 -0.105453 -0.992302 0.0649419 -0.511018 -0.00194873 -0.859568 0.853077 -0.12383 -0.506879
1 1 11 0
68 22.3187 -44.7564 -0.105453 -0.992302 0.0649419 -0.511018 -0.00194873 -0.859568 0.853077 -0.12383 -0.506879
1 1 11 0
68 22.3187 -44.7564 -0.105453 -0.992302 0.0649419 -0.511018 -0.00194873 -0.859568 0.853077 -0.12383 -0.506879
1 1 11 0
68 22.3187 -44.7564 -0.105453 -0.992302 0.0649419 -0.511018 -0.0019487 -0.859568 0.853077 -0.12383 -0.506879
1 1 11 0
68 22.3187 -44.7564 -0.105453 -0.992302 0.0649419 -0.511018 -0.0019487 -0.859568 0.853077 -0.12383 -0.506879
1 1 11 0
68 22.3187 -44.7564 -0.105453 -0.992302 0.0649419 -0.511018 -0.0019487 -0.859568 0.853077 -0.12383 -0.506879
1 1 11 0
68 22.3187 -44.7564 -0.105453 -0.992302 0.0649419 -0.511018 -0.0019487 -0.859568 0.853077 -0.12383 -0.506879
1 0 11 0
16.8973 18.3231 47.3669 0.258542 0.948869 0.181117 -0.521793 0.294964 -0.800455 -0.81295 0.112446 0.571374
1 0 11 0
16.8973 18.3231 47.3669 0.258542 0.948869 0.181117 -0.521793 0.294964 -0.800455 -0.81295 0.112446 0.571374
1 0 11 0
16.8973 18.3231 47.3669 0.258542 0.948869 0.181117 -0.521793 0.294964 -0.800455 -0.81295 0.112446 0.571374
1 0 11 0
16.8973 18.3231 47.3669 0.258542 0.948869 0.181117 -0.521793 0.294964 -0.800455 -0.81295 0.112446 0.571374
0 0 11 0
23.1245 7.87853 52.1362 0.0290247 0.953044 -0.301437 -0.143383 -0.294476 -0.944841 -0.989242 0.0706448 0.128104
0 0 11 0
23.1245 7.87853 52.1362 0.0290247 0.953044 -0.301437 -0.143383 -0.294476 -0.944841 -0.989242 0.0706448 0.128104
0 0 11 0
23.1245 7.87853 52.1362 0.0290247 0.953044 -0.301437 -0.143383 -0.294476 -0.944841 -0.989242 0.0706448 0.128104
0 0 11 0
23.1245 7.87853 52.1362 0.0290247 0.953044 -0.301437 -0.143383 -0.294476 -0.944841 -0.989242 0.0706448 0.128104
0 3 11 0
20.8347 -7.44033 49.2988 0.167135 0.973319 0.157215 -0.0072518 0.160667 -0.986982 -0.985907 0.16382 0.0339115
0 3 11 0
20.8347 -7.44033 49.2988 0.167135 0.973319 0.157215 -0.0072518 0.160667 -0.986982 -0.985907 0.16382 0.0339115
0 3 11 0
20.8347 -7.44033 49.2988 0.167135 0.973319 0.157215 -0.0072518 0.160667 -0.986982 -0.985907 0.16382 0.0339115
0 3 11 0
20.8347 -7.44033 49.2988 0.167135 0.973319 0.157215 -0.0072518 0.160667 -0.986982 -0.985907 0.16382 0.0339115
0 0 11 0
49.8903 45.6104 -35.3597 0.185254 -0.962979 -0.195839 -0.86831 -0.0670944 -0.491463 0.460129 0.261094 -0.848594
0 0 11 0
49.8903 45.6104 -35.3597 0.185254 -0.962979 -0.195839 -0.86831 -0.0670944 -0.491463 0.460129 0.261094 -0.848594
0 0 11 0
66.1491 44.2247 -30.6478 -0.0886999 -0.995571 -0.0311468 -0.887541 0.0931911 -0.451206 0.45211 -0.0123779 -0.891876
0 0 11 0
66.1491 44.2247 -30.6478 -0.0886999 -0.995571 -0.0311468 -0.887541 0.0931911 -0.451206 0.45211 -0.0123779 -0.891876
0 3 11 0
66.1491 44.2247 -30.6478 -0.0887 -0.995571 -0.0311467 -0.887541 0.0931912 -0.451206 0.45211 -0.012378 -0.891876
0 3 11 0
66.1491 44.2247 -30.6478 -0.0887 -0.995571 -0.0311467 -0.887541 0.0931912 -0.451206 0.45211 -0.012378 -0.891876
0 1 11 0
27.6876 21.903 51.3597 -0.0489014 0.977021 -0.207458 -0.435286 -0.207791 -0.875985 -0.898963 0.0474665 0.435445
0 1 11 0
27.6876 21.903 51.3597 -0.0489014 0.977021 -0.207458 -0.435286 -0.207791 -0.875985 -0.898963 0.0474665 0.435445
0 3 11 0
27.6876 21.903 51.3597 -0.0489016 0.977021 -0.207457 -0.435286 -0.207791 -0.875985 -0.898963 0.0474662 0.435445
0 3 11 0
27.6876 21.903 51.3597 -0.0489016 0.977021 -0.207457 -0.435286 -0.207791 -0.875985 -0.898963 0.0474662 0.435445
0 0 11 0
18.77 7.93892 50.0424 0.213391 0.962809 0.16572 -0.319878 0.229132 -0.919335 -0.923116 0.143168 0.356876
0 0 11 0
18.77 7.93892 50.0424 0.213391 0.962809 0.16572 -0.319878 0.229132 -0.919335 -0.923116 0.143168 0.356876
0 2 11 0
18.77 7.93892 50.0424 0.213391 0.962809 0.16572 -0.319878 0.229133 -0.919335 -0.923116 0.143168 0.356876
0 2 11 0
18.77 7.93892 50.0424 0.213391 0.962809 0.16572 -0.319878 0.229133 -0.919335 -0.923116 0.143168 0.356876
0 0 11 0
67.254 32.2526 -40.3583 -0.100616 -0.994804 0.0155413 -0.69682 0.0593109 -0.71479 0.710154 -0.0827491 -0.699167
0 0 11 0
67.254 32.2526 -40.3583 -0.100616 -0.994804 0.0155413 -0.69682 0.0593109 -0.71479 0.710154 -0.0827491 -0.699167
0 2 11 0
67.254 32.2526 -40.3583 -0.100617 -0.994804 0.0155415 -0.69682 0.059311 -0.714789 0.710154 -0.0827494 -0.699167
0 2 11 0
67.254 32.2526 -40.3583 -0.100617 -0.994804 0.0155415 -0.69682 0.059311 -0.714789 0.710154 -0.0827494 -0.699167
0 0 11 0
48.3157 47.3382 -33.6265 0.313686 -0.778453 0.543702 -0.710117 -0.572452 -0.409918 0.630345 -0.257507 -0.732363
0 0 11 0
48.3157 47.3382 -33.6265 0.313686 -0.778453 0.543702 -0.710117 -0.572452 -0.409918 0.630345 -0.257507 -0.732363
0 3 11 0
48.3157 47.3382 -33.6265 0.313686 -0.778453 0.543702 -0.710117 -0.572451 -0.409918 0.630345 -0.257507 -0.732363
0 3 11 0
48.3157 47.3382 -33.6265 0.313686 -0.778453 0.543702 -0.710117 -0.572451 -0.409918 0.630345 -0.257507 -0.732363
0 0 11 0
23.1245 7.87853 52.1362 0.0290248 0.953044 -0.301437 -0.143384 -0.294476 -0.944841 -0.989241 0.0706449 0.128104
0 0 11 0
23.1245 7.87853 52.1362 0.0290248 0.953044 -0.301437 -0.143384 -0.294476 -0.944841 -0.989241 0.0706449 0.128104
0 3 11 0
23.1245 7.87852 52.1362 0.0290246 0.953044 -0.301437 -0.143383 -0.294476 -0.944841 -0.989242 0.0706447 0.128104
0 3 11 0
23.1245 7.87852 52.1362 0.0290246 0.953044 -0.301437 -0.143383 -0.294476 -0.944841 -0.989242 0.0706447 0.128104
0 0 11 0
20.8347 -7.44032 49.2988 0.167135 0.973319 0.157215 -0.00725183 0.160667 -0.986982 -0.985907 0.16382 0.0339115
0 0 11 0
20.8347 -7.44032 49.2988 0.167135 0.973319 0.157215 -0.00725183 0.160667 -0.986982 -0.985907 0.16382 0.0339115
0 2 11 0
20.8347 -7.44033 49.2988 0.167135 0.973319 0.157215 -0.00725183 0.160667 -0.986982 -0.985907 0.163819 0.0339115
0 2 11 0
20.8347 -7.44033 49.2988 0.167135 0.973319 0.157215 -0.00725183 0.160667 -0.986982 -0.985907 0.163819 0.0339115
0 0 11 0
49.8903 45.6104 -35.3597 0.185254 -0.962979 -0.195839 -0.86831 -0.0670943 -0.491463 0.460129 0.261094 -0.848594
0 0 11 0
49.8903 45.6104 -35.3597 0.185254 -0.962979 -0.195839 -0.86831 -0.0670943 -0.491463 0.460129 0.261094 -0.848594
0 1 11 0
66.1491 44.2247 -30.6478 -0.0886998 -0.995571 -0.0311468 -0.887541 0.0931911 -0.451206 0.45211 -0.0123778 -0.891876
0 1 11 0
66.1491 44.2247 -30.6478 -0.0886998 -0.995571 -0.0311468 -0.887541 0.0931911 -0.451206 0.45211 -0.0123778 -0.891876
0 3 11 0
66.1491 44.2247 -30.6478 -0.0887001 -0.995571 -0.0311467 -0.887541 0.0931912 -0.451206 0.45211 -0.0123781 -0.891876
0 3 11 0
66.1491 44.2247 -30.6478 -0.0887001 -0.995571 -0.0311467 -0.887541 0.0931912 -0.451206 0.45211 -0.0123781 -0.891876
0 3 11 0
27.6876 21.903 51.3597 -0.0489015 0.977021 -0.207458 -0.435286 -0.207791 -0.875985 -0.898963 0.0474663 0.435445
0 3 11 0
27.6876 21.903 51.3597 -0.0489015 0.977021 -0.207458 -0.435286 -0.207791 -0.875985 -0.898963 0.0474663 0.435445
0 3 11 0
27.6876 21.903 51.3597 -0.0489015 0.977021 -0.207458 -0.435286 -0.207791 -0.875985 -0.898963 0.0474663 0.435445
0 3 11 0
27.6876 21.903 51.3597 -0.0489015 0.977021 -0.207458 -0.435286 -0.207791 -0.875985 -0.898963 0.0474663 0.435445
0 0 11 0
18.77 7.93892 50.0424 0.213391 0.962809 0.16572 -0.319878 0.229133 -0.919335 -0.923116 0.143168 0.356876
0 0 11 0
18.77 7.93892 50.0424 0.213391 0.962809 0.16572 -0.319878 0.229133 -0.919335 -0.923116 0.143168 0.356876
0 0 11 0
18.77 7.93892 50.0424 0.213391 0.962809 0.16572 -0.319878 0.229133 -0.919335 -0.923116 0.143168 0.356876
0 0 11 0
18.77 7.93892 50.0424 0.213391 0.962809 0.16572 -0.319878 0.229133 -0.919335 -0.923116 0.143168 0.356876
0 2 11 0
67.254 32.2526 -40.3583 -0.100617 -0.994804 0.0155414 -0.69682 0.059311 -0.714789 0.710154 -0.0827492 -0.699167
0 2 11 0
67.254 32.2526 -40.3583 -0.100617 -0.994804 0.0155414 -0.69682 0.059311 -0.714789 0.710154 -0.0827492 -0.699167
0 2 11 0
67.254 32.2526 -40.3583 -0.100617 -0.994804 0.0155414 -0.69682 0.059311 -0.714789 0.710154 -0.0827492 -0.699167
0 2 11 0
67.254 32.2526 -40.3583 -0.100617 -0.994804 0.0155414 -0.69682 0.059311 -0.714789 0.710154 -0.0827492 -0.699167
0 2 11 0
48.3157 47.3382 -33.6265 0.313686 -0.778453 0.543702 -0.710117 -0.572451 -0.409918 0.630345 -0.257507 -0.732363
0 2 11 0
48.3157 47.3382 -33.6265 0.313686 -0.778453 0.543702 -0.710117 -0.572451 -0.409918 0.630345 -0.257507 -0.732363
0 2 11 0
48.3157 47.3382 -33.6265 0.313686 -0.778453 0.543702 -0.710117 -0.572451 -0.409918 0.630345 -0.257507 -0.732363
0 2 11 0
48.3157 47.3382 -33.6265 0.313686 -0.778453 0.543702 -0.710117 -0.572451 -0.409918 0.630345 -0.257507 -0.732363
2 0 11 0
-5.39013 -24.7311 -61.5763 0.516132 0.855713 -0.0369147 0.469959 -0.246902 0.847454 0.716063 -0.454747 -0.529584
2 0 11 0
-5.39013 -24.7311 -61.5763 0.516132 0.855713 -0.0369147 0.469959 -0.246902 0.847454 0.716063 -0.454747 -0.529584
2 3 11 0
-5.39013 -24.7311 -61.5763 0.516132 0.855713 -0.0369149 0.469959 -0.246902 0.847454 0.716063 -0.454747 -0.529584
2 3 11 0
-5.39013 -24.7311 -61.5763 0.516132 0.855713 -0.0369149 0.469959 -0.246902 0.847454 0.716063 -0.454747 -0.529584
2 1 11 0
-18.7067 -23.869 -48.815 0.695724 0.713311 0.0845914 0.465465 -0.537387 0.703248 0.547093 -0.449892 -0.705894
2 1 11 0
-18.7067 -23.869 -48.815 0.695724 0.713311 0.0845914 0.465465 -0.537387 0.703248 0.547093 -0.449892 -0.705894
2 3 11 0
-18.7067 -23.869 -48.815 0.695724 0.713311 0.0845912 0.465465 -0.537386 0.703248 0.547093 -0.449892 -0.705894
2 3 11 0
-18.7067 -23.869 -48.815 0.695724 0.713311 0.0845912 0.465465 -0.537386 0.703248 0.547093 -0.449892 -0.705894
2 0 11 0
25.4128 -48.6656 -62.2938 0.114863 0.923736 -0.365402 0.699897 0.18578 0.68966 0.704948 -0.33496 -0.62518
2 0 11 0
25.4128 -48.6656 -62.2938 0.114863 0.923736 -0.365402 0.699897 0.18578 0.68966 0.704948 -0.33496 -0.62518
2 2 11 0
25.4128 -48.6656 -62.2938 0.114863 0.923736 -0.365402 0.699897 0.18578 0.68966 0.704948 -0.33496 -0.62518
2 2 11 0
25.4128 -48.6656 -62.2938 0.114863 0.923736 -0.365402 0.699897 0.18578 0.68966 0.704948 -0.33496 -0.62518
2 0 11 0
85.9887 -23.2164 -68.1282 -0.590596 0.370945 -0.716656 0.297194 0.925648 0.234203 0.750248 -0.0746667 -0.656927
2 0 11 0
85.9887 -23.2164 -68.1282 -0.590596 0.370945 -0.716656 0.297194 0.925648 0.234203 0.750248 -0.0746667 -0.656927
2 2 11 0
85.9887 -23.2164 -68.1282 -0.590596 0.370945 -0.716656 0.297194 0.925648 0.234203 0.750248 -0.0746668 -0.656927
2 2 11 0
85.9887 -23.2164 -68.1282 -0.590596 0.370945 -0.716656 0.297194 0.925648 0.234203 0.750248 -0.0746668 -0.656927
2 0 11 0
85.9887 -23.2164 -68.1282 -0.590596 0.370945 -0.716656 0.297194 0.925648 0.234203 0.750248 -0.0746667 -0.656927
2 0 11 0
85.9887 -23.2164 -68.1282 -0.590596 0.370945 -0.716656 0.297194 0.925648 0.234203 0.750248 -0.0746667 -0.656927
2 2 11 0
85.9887 -23.2164 -68.1282 -0.590596 0.370945 -0.716656 0.297194 0.925648 0.234203 0.750248 -0.0746668 -0.656927
2 2 11 0
85.9887 -23.2164 -68.1282 -0.590596 0.370945 -0.716656 0.297194 0.925648 0.234203 0.750248 -0.0746668 -0.656927
2 1 11 0
52.0626 50.7907 -71.538 0.0354969 -0.187839 0.981558 -0.476623 -0.866462 -0.148577 0.878391 -0.462559 -0.120285
2 1 11 0
52.0626 50.7907 -71.538 0.0354969 -0.187839 0.981558 -0.476623 -0.866462 -0.148577 0.878391 -0.462559 -0.120285
2 6 11 0
52.0626 50.7907 -71.538 0.0354969 -0.187839 0.981558 -0.476623 -0.866461 -0.148577 0.878391 -0.462559 -0.120285
2 6 11 0
52.0626 50.7907 -71.538 0.0354969 -0.187839 0.981558 -0.476623 -0.866461 -0.148577 0.878391 -0.462559 -0.120285
2 1 11 0
52.0626 50.7907 -71.538 0.0354969 -0.187839 0.981558 -0.476623 -0.866462 -0.148577 0.878391 -0.462559 -0.120285
2 1 11 0
52.0626 50.7907 -71.538 0.0354969 -0.187839 0.981558 -0.476623 -0.866462 -0.148577 0.878391 -0.462559 -0.120285
2 6 11 0
52.0626 50.7907 -71.538 0.0354969 -0.187839 0.981558 -0.476623 -0.866461 -0.148577 0.878391 -0.462559 -0.120285
2 6 11 0
52.0626 50.7907 -71.538 0.0354969 -0.187839 0.981558 -0.476623 -0.866461 -0.148577 0.878391 -0.462559 -0.120285
2 1 11 0
-17.8789 -36.9285 -39.666 0.672699 0.739694 -0.0181713 0.605189 -0.535915 0.588678 0.425703 -0.407 -0.808164
2 1 11 0
-17.8789 -36.9285 -39.666 0.672699 0.739694 -0.0181713 0.605189 -0.535915 0.588678 0.425703 -0.407 -0.808164
2 3 11 0
-17.8788 -36.9285 -39.666 0.672698 0.739694 -0.0181715 0.605189 -0.535915 0.588678 0.425703 -0.407 -0.808164
2 3 11 0
-17.8788 -36.9285 -39.666 0.672698 0.739694 -0.0181715 0.605189 -0.535915 0.588678 0.425703 -0.407 -0.808164
2 0 11 0
19.8949 -57.7053 -51.1096 0.188357 0.944217 -0.270142 0.807622 0.00759117 0.589651 0.558809 -0.329237 -0.761141
2 0 11 0
19.8949 -57.7053 -51.1096 0.188357 0.944217 -0.270142 0.807622 0.00759117 0.589651 0.558809 -0.329237 -0.761141
2 2 11 0
19.8949 -57.7053 -51.1096 0.188357 0.944217 -0.270142 0.807622 0.00759138 0.589651 0.558809 -0.329237 -0.761141
2 2 11 0
19.8949 -57.7053 -51.1096 0.188357 0.944217 -0.270142 0.807622 0.00759138 0.589651 0.558809 -0.329237 -0.761141
2 0 11 0
96.5743 -26.9313 -58.8019 -0.702214 0.409558 -0.582372 0.341135 0.911518 0.229698 0.624918 -0.0373698 -0.779796
2 0 11 0
96.5743 -26.9313 -58.8019 -0.702214 0.409558 -0.582372 0.341135 0.911518 0.229698 0.624918 -0.0373698 -0.779796
2 2 11 0
96.5743 -26.9313 -58.8018 -0.702215 0.409558 -0.582372 0.341135 0.911519 0.229698 0.624917 -0.0373699 -0.779796
2 2 11 0
96.5743 -26.9313 -58.8018 -0.702215 0.409558 -0.582372 0.341135 0.911519 0.229698 0.624917 -0.0373699 -0.779796
2 5 11 0
96.5743 -26.9313 -58.8019 -0.702215 0.409558 -0.582372 0.341135 0.911518 0.229698 0.624918 -0.0373698 -0.779796
2 5 11 0
96.5743 -26.9313 -58.8019 -0.702215 0.409558 -0.582372 0.341135 0.911518 0.229698 0.624918 -0.0373698 -0.779796
2 7 11 0
96.5743 -26.9313 -58.8018 -0.702215 0.409558 -0.582372 0.341135 0.911519 0.229698 0.624917 -0.0373699 -0.779796
2 7 11 0
96.5743 -26.9313 -58.8018 -0.702215 0.409558 -0.582372 0.341135 0.911519 0.229698 0.624917 -0.0373699 -0.779796
2 3 11 0
49.4289 -17.3099 -81.1923 -0.018214 -0.955583 -0.294159 0.144567 0.288599 -0.946473 0.989327 -0.0597647 0.132889
2 3 11 0
49.4289 -17.3099 -81.1923 -0.018214 -0.955583 -0.294159 0.144567 0.288599 -0.946473 0.989327 -0.0597647 0.132889
2 3 11 0
49.4289 -17.3099 -81.1923 -0.018214 -0.955583 -0.294159 0.144567 0.288599 -0.946473 0.989327 -0.0597647 0.132889
2 3 11 0
49.4289 -17.3099 -81.1923 -0.018214 -0.955583 -0.294159 0.144567 0.288599 -0.946473 0.989327 -0.0597647 0.132889
2 0 11 0
68.5153 0.477758 -80.9499 -0.17966 -0.947085 0.265991 -0.0239175 -0.266106 -0.963647 0.983438 -0.179491 0.0251567
2 0 11 0
68.5153 0.477758 -80.9499 -0.17966 -0.947085 0.265991 -0.0239175 -0.266106 -0.963647 0.983438 -0.179491 0.0251567
2 0 11 0
68.5153 0.477758 -80.9499 -0.17966 -0.947085 0.265991 -0.0239175 -0.266106 -0.963647 0.983438 -0.179491 0.0251567
2 0 11 0
68.5153 0.477758 -80.9499 -0.17966 -0.947085 0.265991 -0.0239175 -0.266106 -0.963647 0.983438 -0.179491 0.0251567
2 0 11 0
66.3046 47.8189 -70.4559 -0.134863 -0.133438 0.981838 -0.44462 -0.877383 -0.180314 0.885509 -0.460862 0.0589972
2 0 11 0
66.3046 47.8189 -70.4559 -0.134863 -0.133438 0.981838 -0.44462 -0.877383 -0.180314 0.885509 -0.460862 0.0589972
2 0 11 0
66.3046 47.8189 -70.4559 -0.134863 -0.133438 0.981838 -0.44462 -0.877383 -0.180314 0.885509 -0.460862 0.0589972
2 0 11 0
66.3046 47.8189 -70.4559 -0.134863 -0.133438 0.981838 -0.44462 -0.877383 -0.180314 0.885509 -0.460862 0.0589972
2 4 11 0
66.3046 47.8189 -70.4559 -0.134863 -0.133438 0.981838 -0.44462 -0.877383 -0.180314 0.885509 -0.460862 0.0589972
2 4 11 0
66.3046 47.8189 -70.4559 -0.134863 -0.133438 0.981838 -0.44462 -0.877383 -0.180314 0.885509 -0.460862 0.0589972
2 4 11 0
66.3046 47.8189 -70.4559 -0.134863 -0.133438 0.981838 -0.44462 -0.877383 -0.180314 0.885509 -0.460862 0.0589972
2 4 11 0
66.3046 47.8189 -70.4559 -0.134863 -0.133438 0.981838 -0.44462 -0.877383 -0.180314 0.885509 -0.460862 0.0589972
2 1 11 0
-16.5434 -47.2414 -28.1421 0.64659 0.755983 -0.102033 0.71027 -0.547832 0.442037 0.278276 -0.358288 -0.891175
2 1 11 0
-16.5434 -47.2414 -28.1421 0.64659 0.755983 -0.102033 0.71027 -0.547832 0.442037 0.278276 -0.358288 -0.891175
2 3 11 0
-16.5434 -47.2414 -28.1421 0.64659 0.755983 -0.102033 0.71027 -0.547831 0.442037 0.278276 -0.358288 -0.891175
2 3 11 0
-16.5434 -47.2414 -28.1421 0.64659 0.755983 -0.102033 0.71027 -0.547831 0.442037 0.278276 -0.358288 -0.891175
2 0 11 0
17.4339 -65.5615 -38.357 0.221676 0.948572 -0.22599 0.891198 -0.103022 0.441761 0.39576 -0.29933 -0.868202
2 0 11 0
17.4339 -65.5615 -38.357 0.221676 0.948572 -0.22599 0.891198 -0.103022 0.441761 0.39576 -0.29933 -0.868202
2 2 11 0
17.4339 -65.5615 -38.357 0.221676 0.948572 -0.22599 0.891198 -0.103021 0.441761 0.39576 -0.29933 -0.868202
2 2 11 0
17.4339 -65.5615 -38.357 0.221676 0.948572 -0.22599 0.891198 -0.103021 0.441761 0.39576 -0.29933 -0.868202
2 1 11 0
75.8071 -57.7163 -47.5317 -0.466128 0.798873 -0.380165 0.736262 0.588532 0.333987 0.490553 -0.124221 -0.862512
2 1 11 0
75.8071 -57.7163 -47.5317 -0.466128 0.798873 -0.380165 0.736262 0.588532 0.333987 0.490553 -0.124221 -0.862512
2 2 11 0
75.8071 -57.7163 -47.5317 -0.466128 0.798873 -0.380166 0.736262 0.588533 0.333987 0.490553 -0.124221 -0.862512
2 2 11 0
75.8071 -57.7163 -47.5317 -0.466128 0.798873 -0.380166 0.736262 0.588533 0.333987 0.490553 -0.124221 -0.862512
2 5 11 0
119.07 6.64272 -41.8619 -0.913053 -0.0276156 -0.406905 -0.0720772 0.992927 0.0943464 0.401421 0.115472 -0.908585
2 5 11 0
119.07 6.64272 -41.8619 -0.913053 -0.0276156 -0.406905 -0.0720772 0.992927 0.0943464 0.401421 0.115472 -0.908585
2 7 11 0
119.07 6.64273 -41.8619 -0.913053 -0.0276159 -0.406905 -0.0720773 0.992927 0.0943461 0.401421 0.115472 -0.908585
2 7 11 0
119.07 6.64273 -41.8619 -0.913053 -0.0276159 -0.406905 -0.0720773 0.992927 0.0943461 0.401421 0.115472 -0.908585
2 1 11 0
105.461 -30.7011 -47.2872 -0.790813 0.441352 -0.424055 0.384747 0.897298 0.216391 0.476009 0.00797045 -0.879404
2 1 11 0
105.461 -30.7011 -47.2872 -0.790813 0.441352 -0.424055 0.384747 0.897298 0.216391 0.476009 0.00797045 -0.879404
2 2 11 0
105.461 -30.7011 -47.2872 -0.790813 0.441352 -0.424056 0.384747 0.897299 0.216391 0.476009 0.00797023 -0.879404
2 2 11 0
105.461 -30.7011 -47.2872 -0.790813 0.441352 -0.424056 0.384747 0.897299 0.216391 0.476009 0.00797023 -0.879404
2 5 11 0
105.461 -30.7011 -47.2872 -0.790813 0.441352 -0.424055 0.384747 0.897298 0.216391 0.476009 0.00797047 -0.879404
2 5 11 0
105.461 -30.7011 -47.2872 -0.790813 0.441352 -0.424055 0.384747 0.897298 0.216391 0.476009 0.00797047 -0.879404
2 7 11 0
105.461 -30.7011 -47.2872 -0.790813 0.441352 -0.424056 0.384747 0.897299 0.216391 0.476009 0.00797026 -0.879404
2 7 11 0
105.461 -30.7011 -47.2872 -0.790813 0.441352 -0.424056 0.384747 0.897299 0.216391 0.476009 0.00797026 -0.879404
2 0 11 0
46.9685 -30.5799 -76.3944 0.0206714 -0.976087 -0.216394 0.307328 0.212165 -0.927651 0.951379 -0.0473281 0.304364
2 0 11 0
46.9685 -30.5799 -76.3944 0.0206714 -0.976087 -0.216394 0.307328 0.212165 -0.927651 0.951379 -0.0473281 0.304364
2 3 11 0
46.9685 -30.5799 -76.3944 0.0206712 -0.976087 -0.216395 0.307328 0.212165 -0.927651 0.951379 -0.0473284 0.304364
2 3 11 0
46.9685 -30.5799 -76.3944 0.0206712 -0.976087 -0.216395 0.307328 0.212165 -0.927651 0.951379 -0.0473284 0.304364
2 1 11 0
69.5518 -16.7834 -77.6518 -0.196799 -0.956777 0.214119 0.177777 -0.249593 -0.951892 0.964192 -0.149266 0.219212
2 1 11 0
69.5518 -16.7834 -77.6518 -0.196799 -0.956777 0.214119 0.177777 -0.249593 -0.951892 0.964192 -0.149266 0.219212
2 3 11 0
69.5518 -16.7834 -77.6518 -0.196799 -0.956778 0.214119 0.177777 -0.249592 -0.951892 0.964192 -0.149267 0.219212
2 3 11 0
69.5518 -16.7834 -77.6518 -0.196799 -0.956778 0.214119 0.177777 -0.249592 -0.951892 0.964192 -0.149267 0.219212
2 0 11 0
85.6 19.064 -72.9984 -0.354234 -0.528267 0.771655 -0.163525 -0.777457 -0.607306 0.920748 -0.341313 0.189017
2 0 11 0
85.6 19.064 -72.9984 -0.354234 -0.528267 0.771655 -0.163525 -0.777457 -0.607306 0.920748 -0.341313 0.189017
2 2 11 0
85.6 19.064 -72.9984 -0.354235 -0.528267 0.771655 -0.163525 -0.777457 -0.607306 0.920748 -0.341314 0.189017
2 2 11 0
85.6 19.064 -72.9984 -0.354235 -0.528267 0.771655 -0.163525 -0.777457 -0.607306 0.920748 -0.341314 0.189017
2 5 11 0
63.6204 63.7152 -59.4043 -0.149034 0.377958 0.913749 -0.593265 -0.773456 0.223166 0.791091 -0.508836 0.3395
2 5 11 0
63.6204 63.7152 -59.4043 -0.149034 0.377958 0.913749 -0.593265 -0.773456 0.223166 0.791091 -0.508836 0.3395
2 7 11 0
63.6205 63.7152 -59.4042 -0.149034 0.377957 0.913749 -0.593265 -0.773456 0.223165 0.791091 -0.508836 0.3395
2 7 11 0
63.6205 63.7152 -59.4042 -0.149034 0.377957 0.913749 -0.593265 -0.773456 0.223165 0.791091 -0.508836 0.3395
2 1 11 0
80.4275 44.3878 -66.6436 -0.307591 -0.0790306 0.948231 -0.406448 -0.89014 -0.206034 0.860341 -0.448781 0.241677
2 1 11 0
80.4275 44.3878 -66.6436 -0.307591 -0.0790306 0.948231 -0.406448 -0.89014 -0.206034 0.860341 -0.448781 0.241677
2 3 11 0
80.4275 44.3878 -66.6436 -0.307591 -0.0790309 0.948231 -0.406448 -0.89014 -0.206035 0.860341 -0.448781 0.241677
2 3 11 0
80.4275 44.3878 -66.6436 -0.307591 -0.0790309 0.948231 -0.406448 -0.89014 -0.206035 0.860341 -0.448781 0.241677
2 4 11 0
80.4275 44.3878 -66.6436 -0.307591 -0.0790305 0.948231 -0.406448 -0.89014 -0.206034 0.860341 -0.448781 0.241677
2 4 11 0
80.4275 44.3878 -66.6436 -0.307591 -0.0790305 0.948231 -0.406448 -0.89014 -0.206034 0.860341 -0.448781 0.241677
2 6 11 0
80.4275 44.3878 -66.6436 -0.307591 -0.0790308 0.948231 -0.406449 -0.89014 -0.206035 0.860341 -0.448782 0.241677
2 6 11 0
80.4275 44.3878 -66.6436 -0.307591 -0.0790308 0.948231 -0.406449 -0.89014 -0.206035 0.860341 -0.448782 0.241677
2 1 11 0
20.4439 -44.1744 -64.2482 0.301236 -0.863398 -0.404724 0.466728 0.503625 -0.726998 0.831518 0.0301018 0.554682
2 1 11 0
20.4439 -44.1744 -64.2482 0.301236 -0.863398 -0.404724 0.466728 0.503625 -0.726998 0.831518 0.0301018 0.554682
3 2 11 0
3.77959 -56.4226 -48.6788 0.209973 0.669808 -0.712228 0.609914 0.479611 0.630855 0.764144 -0.56686 -0.30782
3 3 11 0
23.8343 -61.6779 21.93 0.162901 -0.446275 -0.879944 0.907345 -0.28255 0.311273 -0.387542 -0.849119 0.358898
3 0 11 0
-31.3576 -33.3144 -26.3857 0.888569 0.0921067 0.449402 0.458646 -0.158219 -0.87442 -0.00943605 0.983099 -0.182833
3 1 11 0
-2.8791 30.8936 -48.3338 0.588066 -0.62842 0.509183 -0.490573 -0.777653 -0.393185 0.643052 -0.0185723 -0.765597
3 2 11 0
33.2484 -62.576 -55.4647 -0.0820976 0.479225 -0.873844 0.578307 0.737 0.349846 0.811678 -0.476629 -0.337645
3 3 11 0
49.156 -66.0087 16.3028 -0.160866 -0.252807 -0.95405 0.933 -0.35424 -0.0634494 -0.321922 -0.900335 0.292854
3 0 11 0
-9.33581 -55.8769 -35.2829 0.653157 0.0797853 0.753008 0.751038 -0.195093 -0.630777 0.0965801 0.977534 -0.187348
3 1 11 0
-5.37903 15.8915 -51.0646 0.684815 -0.291883 0.667707 -0.293262 -0.949192 -0.114157 0.667102 -0.117637 -0.73562
3 2 11 0
66.1733 -55.7117 -60.12 -0.36727 0.169581 -0.914524 0.418527 0.908204 0.000329833 0.830631 -0.382632 -0.404531
3 3 11 0
77.0224 -59.1625 12.5835 -0.503961 -0.02274 -0.863427 0.816016 -0.340179 -0.467329 -0.283092 -0.940086 0.189993
3 0 11 0
23.2528 -68.5465 -44.0364 0.282031 0.0835508 0.95576 0.937207 -0.237049 -0.255833 0.205187 0.967898 -0.145159
3 1 11 0
-1.27256 -0.0726426 -55.2278 0.69624 0.129131 0.706099 -0.0552066 -0.971139 0.232037 0.715683 -0.200535 -0.669016
3 2 11 0
101.406 -25.8705 -60.3102 -0.605046 -0.320103 -0.729009 0.043762 0.900867 -0.431885 0.794987 -0.293213 -0.531057
3 3 11 0
106.145 -32.7046 12.8078 -0.840571 0.246219 -0.48251 0.452363 -0.170963 -0.875294 -0.298006 -0.954017 0.0323264
3 0 11 0
71.1974 -61.5737 -51.4592 -0.292103 0.116286 0.949291 0.906352 -0.283183 0.31358 0.305288 0.95199 -0.0226771
3 1 11 0
14.4185 -15.8496 -61.5036 0.550181 0.65334 0.520046 0.228352 -0.716752 0.658879 0.803216 -0.243749 -0.543534
3 7 11 0
93.339 51.158 33.0492 -0.583925 0.269034 0.765932 -0.581965 0.519078 -0.625999 -0.565993 -0.811282 -0.146534
3 5 11 0
63.9146 -4.42464 -68.2664 -0.16725 0.839429 -0.517094 0.275667 0.543378 0.792936 0.946591 -0.00992733 -0.322283
3 2 11 0
114.087 26.4231 -51.5283 -0.566168 -0.788833 -0.239157 -0.467554 0.546274 -0.694966 0.678858 -0.281649 -0.678105
3 3 11 0
115.342 12.1578 20.6544 -0.90534 0.385087 0.179077 -0.119016 0.174713 -0.9774 -0.407671 -0.906192 -0.112343
3 0 11 0
112.601 -21.1417 -50.5402 -0.825697 0.181091 0.534257 0.470278 -0.302076 0.829209 0.311549 0.935925 0.16426
3 1 11 0
40.933 -19.1163 -67.1257 0.205239 0.978137 0.033531 0.38365 -0.111924 0.916671 0.900383 -0.175273 -0.398233
3 2 11 0
114.087 26.4231 -51.5283 -0.566168 -0.788833 -0.239157 -0.467554 0.546274 -0.694966 0.678858 -0.281649 -0.678105
3 3 11 0
115.342 12.1578 20.6544 -0.90534 0.385087 0.179077 -0.119016 0.174713 -0.9774 -0.407671 -0.906192 -0.112343
3 0 11 0
112.601 -21.1417 -50.5402 -0.825697 0.181091 0.534257 0.470278 -0.302076 0.829209 0.311549 0.935925 0.16426
3 1 11 0
40.933 -19.1163 -67.1257 0.205239 0.978137 0.033531 0.38365 -0.111924 0.916671 0.900383 -0.175273 -0.398233
3 3 11 0
1.11955 -46.5776 29.3666 0.466094 -0.603257 -0.647177 0.744078 -0.128463 0.655626 -0.478649 -0.787133 0.388994
3 0 11 0
-43.0439 -1.33026 -17.4021 0.991518 0.119893 0.0501791 0.0653853 -0.126469 -0.989813 -0.112325 0.984699 -0.133236
3 1 11 0
5.98669 44.8783 -47.0024 0.409478 -0.881383 0.235567 -0.64737 -0.462644 -0.6057 0.642837 0.0955218 -0.760024
3 0 11 0
17.8749 -59.0137 -54.498 0.410357 -0.43757 -0.800088 0.459948 0.856902 -0.232739 0.787436 -0.272493 0.552895
3 3 11 0
84.6378 -49.527 -25.0341 -0.675271 -0.716769 -0.173928 0.654724 -0.473935 -0.588831 0.339625 -0.511496 0.78932
3 0 11 0
-5.69201 -54.2184 -42.4269 0.796045 -0.585435 0.153555 0.497173 0.487829 -0.717525 0.345155 0.647525 0.679396
3 3 11 0
49.0632 -12.8726 -69.0314 -0.126832 -0.694175 0.708544 0.104536 -0.719689 -0.686381 0.9864 -0.0129865 0.163846
3 0 11 0
47.9546 -59.2758 -60.1425 0.15495 -0.708125 -0.688876 0.510677 0.654322 -0.557738 0.845695 -0.265372 0.46301
3 3 11 0
104.182 -28.3199 -24.1485 -0.892388 -0.451196 0.00809387 0.327652 -0.660165 -0.67589 0.310302 -0.600504 0.736958
3 0 11 0
23.5699 -64.5665 -50.0678 0.526738 -0.766999 0.366415 0.725023 0.180374 -0.664686 0.443722 0.615774 0.651102
3 3 11 0
60.4371 -3.82525 -69.2176 -0.221499 -0.370953 0.901849 -0.0335203 -0.921378 -0.387219 0.974584 -0.115999 0.19165
3 0 11 0
84.0014 -42.2232 -63.2079 -0.179401 -0.912878 -0.3667 0.42162 0.265434 -0.867053 0.888848 -0.310159 0.337269
3 3 11 0
115.142 7.3263 -18.5923 -0.960798 -0.02572 0.276053 -0.173467 -0.720955 -0.67092 0.216278 -0.692504 0.688231
3 0 11 0
64.5209 -59.5761 -56.6135 0.0725429 -0.80442 0.589615 0.831488 -0.277692 -0.48116 0.550786 0.525163 0.648721
3 3 11 0
68.7352 13.1335 -67.1473 -0.25398 0.132327 0.958115 -0.246785 -0.966675 0.0680909 0.935196 -0.219155 0.278173
3 7 11 0
42.7161 78.8748 10.1034 0.180847 0.738077 0.650028 -0.969506 0.244925 -0.00837126 -0.165387 -0.628692 0.759864
3 4 11 0
111.202 46.9841 -42.5903 -0.845697 0.275341 0.457147 -0.147452 -0.943834 0.295696 0.512888 0.182662 0.838797
3 7 11 0
38.7246 54.727 -52.7124 0.227024 0.969936 -0.0876597 -0.593811 0.209204 0.776931 0.771913 -0.124329 0.623453
3 0 11 0
112.411 11.4301 -57.0586 -0.508384 -0.797598 0.324626 0.0044495 -0.379405 -0.92522 0.861119 -0.468923 0.196432
3 3 11 0
94.921 59.1126 -3.80532 -0.570639 0.557875 0.602617 -0.821181 -0.392857 -0.413915 0.00582954 -0.731053 0.682296
3 0 11 0
110.42 -15.3723 -55.7264 -0.589826 -0.416736 0.691691 0.529655 -0.846215 -0.0581814 0.609566 0.332041 0.719846
3 3 11 0
62.9281 40.6624 -60.205 -0.0921006 0.797432 0.596338 -0.525595 -0.547591 0.651071 0.845735 -0.253469 0.46956
3 0 11 0
112.411 11.4301 -57.0586 -0.508384 -0.797598 0.324626 0.0044495 -0.379405 -0.92522 0.861119 -0.468923 0.196432
3 3 11 0
94.921 59.1126 -3.80532 -0.570639 0.557875 0.602617 -0.821181 -0.392857 -0.413915 0.00582954 -0.731053 0.682296
3 0 11 0
110.42 -15.3723 -55.7264 -0.589826 -0.416736 0.691691 0.529655 -0.846215 -0.0581814 0.609566 0.332041 0.719846
3 3 11 0
62.9281 40.6624 -60.205 -0.0921006 0.797432 0.596338 -0.525595 -0.547591 0.651071 0.845735 -0.253469 0.46956
3 0 11 0
-26.4753 -30.061 -40.0911 0.740424 0.157862 -0.653339 0.138669 0.915239 0.378296 0.65768 -0.370697 0.655775
3 3 11 0
35.3216 -63.9648 -18.9463 -0.0396974 -0.931975 -0.360343 0.957405 0.067746 -0.280688 0.286006 -0.356137 0.889588
3 0 11 0
-39.1578 -10.3542 -26.8663 0.976876 -0.0213877 -0.212736 -0.112787 0.793739 -0.59771 0.181641 0.607882 0.772972
3 3 11 0
23.5225 -16.151 -64.9843 0.145924 -0.980036 0.135041 0.22943 -0.0992558 -0.968251 0.962324 0.172273 0.210366
3 0 11 0
4.76826 -56.6885 -49.1368 0.665328 -0.656468 -0.355511 0.456878 0.734655 -0.501543 0.590424 0.171265 0.788712
3 3 11 0
74.4306 -33.2386 -52.6955 -0.512255 -0.78204 0.354977 0.405693 -0.584644 -0.70257 0.756973 -0.215883 0.616755
3 0 11 0
4.76826 -56.6885 -49.1368 0.665328 -0.656468 -0.355511 0.456878 0.734655 -0.501543 0.590424 0.171265 0.788712
3 3 11 0
74.4306 -33.2386 -52.6955 -0.512255 -0.78204 0.354977 0.405693 -0.584644 -0.70257 0.756973 -0.215883 0.616755
3 0 11 0
34.2911 -62.4225 -55.8433 0.407849 -0.892089 -0.194517 0.617586 0.426448 -0.660855 0.672493 0.149398 0.724868
3 3 11 0
90.3293 -14.9007 -51.7436 -0.674629 -0.492971 0.549414 0.125363 -0.810009 -0.572861 0.727434 -0.317592 0.608256
3 0 11 0
34.2911 -62.4225 -55.8433 0.407849 -0.892089 -0.194517 0.617586 0.426448 -0.660855 0.672493 0.149398 0.724868
3 3 11 0
90.3293 -14.9007 -51.7436 -0.674629 -0.492971 0.549414 0.125363 -0.810009 -0.572861 0.727434 -0.317592 0.608256
3 0 11 0
72.7478 -52.2497 -60.8218 0.00897282 -0.996025 0.0886212 0.655928 -0.0610314 -0.752352 0.75477 0.0648799 0.652773
3 3 11 0
98.7524 15.1704 -46.9037 -0.707298 -0.0193868 0.70665 -0.288552 -0.904638 -0.313635 0.645343 -0.425739 0.634255
3 0 11 0
72.7478 -52.2497 -60.8218 0.00897282 -0.996025 0.0886212 0.655928 -0.0610314 -0.752352 0.75477 0.0648799 0.652773
3 3 11 0
98.7524 15.1704 -46.9037 -0.707298 -0.0193868 0.70665 -0.288552 -0.904638 -0.313635 0.645343 -0.425739 0.634255
3 7 11 0
34.309 74.5116 -22.2911 0.301247 0.913149 0.274608 -0.895074 0.1715 0.411618 0.328773 -0.369793 0.869
3 7 11 0
34.309 74.5116 -22.2911 0.301247 0.913149 0.274608 -0.895074 0.1715 0.411618 0.328773 -0.369793 0.869
3 0 11 0
111.652 -2.874 -57.5336 -0.535188 -0.651475 0.537731 0.315885 -0.744732 -0.58787 0.783448 -0.144759 0.604363
3 3 11 0
80.0534 59.2918 -34.032 -0.344138 0.674701 0.652953 -0.815301 -0.559649 0.148586 0.465676 -0.481219 0.742681
3 0 11 0
111.652 -2.874 -57.5336 -0.535188 -0.651475 0.537731 0.315885 -0.744732 -0.58787 0.783448 -0.144759 0.604363
3 3 11 0
80.0534 59.2918 -34.032 -0.344138 0.674701 0.652953 -0.815301 -0.559649 0.148586 0.465676 -0.481219 0.742681
3 0 11 0
111.652 -2.874 -57.5336 -0.535188 -0.651475 0.537731 0.315885 -0.744732 -0.58787 0.783448 -0.144759 0.604363
3 3 11 0
80.0534 59.2918 -34.032 -0.344138 0.674701 0.652953 -0.815301 -0.559649 0.148586 0.465676 -0.481219 0.742681
3 0 11 0
111.652 -2.874 -57.5336 -0.535188 -0.651475 0.537731 0.315885 -0.744732 -0.58787 0.783448 -0.144759 0.604363
3 3 11 0
80.0534 59.2918 -34.032 -0.344138 0.674701 0.652953 -0.815301 -0.559649 0.148586 0.465676 -0.481219 0.742681
3 0 11 0
-33.6769 -20.1169 -34.2043 0.895894 -0.0147639 -0.444022 -0.0345026 0.994117 -0.10267 0.442926 0.107301 0.890114
3 3 11 0
33.4571 -46.9165 -47.996 -0.00576488 -0.998377 -0.05666 0.690311 0.037021 -0.722565 0.723489 -0.0432785 0.688978
3 0 11 0
-33.6769 -20.1169 -34.2043 0.895894 -0.0147639 -0.444022 -0.0345026 0.994117 -0.10267 0.442926 0.107301 0.890114
3 3 11 0
33.4571 -46.9165 -47.996 -0.00576488 -0.998377 -0.05666 0.690311 0.037021 -0.722565 0.723489 -0.0432785 0.688978
3 2 11 0
14.8971 -65.7582 -43.8285 0.0464912 0.955123 0.292539 0.916598 -0.157208 0.367605 0.397097 0.251051 -0.882773
3 1 11 0
-21.8608 -25.2635 5.41019 0.91164 0.119562 -0.393214 0.35868 -0.698555 0.619168 -0.200653 -0.705497 -0.679715
3 2 11 0
14.8971 -65.7582 -43.8285 0.0464913 0.955123 0.29254 0.916598 -0.157208 0.367604 0.397097 0.251051 -0.882773
3 1 11 0
-21.8608 -25.2635 5.41019 0.91164 0.119562 -0.393214 0.358679 -0.698555 0.619168 -0.200653 -0.705497 -0.679715
3 2 11 0
54.0965 -66.1941 -51.2045 -0.403635 0.900761 0.160338 0.793981 0.257781 0.550584 0.454613 0.34954 -0.819237
3 1 11 0
-0.618165 -51.7174 -4.17111 0.662806 0.475817 -0.578175 0.745314 -0.493541 0.448245 -0.07207 -0.728022 -0.681755
3 2 11 0
54.0965 -66.1941 -51.2045 -0.403635 0.900761 0.160338 0.793981 0.257781 0.550584 0.454613 0.34954 -0.819237
3 1 11 0
-0.618173 -51.7174 -4.17111 0.662806 0.475817 -0.578174 0.745314 -0.493541 0.448245 -0.0720699 -0.728022 -0.681755
3 2 11 0
103.002 -34.3992 -53.519 -0.858927 0.487835 -0.155761 0.278888 0.700708 0.656681 0.429495 0.520601 -0.737909
3 1 11 0
47.7186 -65.3006 -16.0451 0.032671 0.746243 -0.664871 0.994639 0.0410258 0.0949222 0.0981119 -0.664408 -0.740902
3 2 11 0
103.002 -34.3992 -53.519 -0.858927 0.487835 -0.155761 0.278888 0.700708 0.656681 0.429495 0.520601 -0.737908
3 1 11 0
47.7186 -65.3006 -16.0451 0.0326712 0.746243 -0.664871 0.994639 0.0410257 0.0949224 0.098112 -0.664408 -0.740902
3 5 11 0
109.433 -22.1482 -18.3204 -0.854829 0.390389 -0.341854 0.494737 0.81188 -0.309977 0.156533 -0.434106 -0.887158
3 5 11 0
109.433 -22.1482 -18.3205 -0.854829 0.390389 -0.341854 0.494737 0.81188 -0.309977 0.156533 -0.434105 -0.887158
3 2 11 0
119.564 6.21715 -47.9453 -0.915018 0.02946 -0.402337 -0.229788 0.78166 0.579831 0.331573 0.623008 -0.708463
3 1 11 0
84.2418 -51.9756 -19.9929 -0.475808 0.677191 -0.561266 0.86398 0.479389 -0.154029 0.164757 -0.558211 -0.813176
3 2 11 0
119.564 6.21715 -47.9453 -0.915018 0.0294601 -0.402337 -0.229788 0.78166 0.579832 0.331573 0.623008 -0.708463
3 1 11 0
84.2417 -51.9756 -19.9929 -0.475808 0.677191 -0.561266 0.86398 0.479389 -0.154029 0.164757 -0.558211 -0.813176
3 6 11 0
119.564 6.21716 -47.9453 -0.915018 0.0294599 -0.402337 -0.229788 0.78166 0.579831 0.331573 0.623008 -0.708463
3 5 11 0
84.2418 -51.9756 -19.9929 -0.475808 0.677191 -0.561266 0.86398 0.479389 -0.154029 0.164757 -0.558211 -0.813176
3 6 11 0
119.564 6.21716 -47.9453 -0.915018 0.02946 -0.402337 -0.229788 0.78166 0.579832 0.331573 0.623008 -0.708463
3 5 11 0
84.2418 -51.9756 -19.9929 -0.475808 0.677191 -0.561266 0.86398 0.479389 -0.154029 0.164757 -0.558211 -0.813176
3 1 11 0
-16.6033 42.8045 18.9313 0.747723 -0.657042 0.0959502 -0.554845 -0.538856 0.633862 -0.364771 -0.527191 -0.767472
3 1 11 0
-16.6033 42.8045 18.9313 0.747723 -0.657042 0.0959503 -0.554845 -0.538856 0.633862 -0.36477 -0.52719 -0.767472
3 2 11 0
33.9514 -77.3487 -18.5983 0.0059527 0.108279 -0.994103 0.954475 0.295869 0.0379419 0.298232 -0.949072 -0.101588
3 2 11 0
33.9514 -77.3487 -18.5983 0.0059527 0.108279 -0.994103 0.954475 0.295869 0.0379419 0.298232 -0.949072 -0.101588
3 0 11 0
-11.3799 -22.8769 -57.2985 0.735031 -0.0915787 0.67182 0.3421 -0.805382 -0.484073 0.585403 0.585639 -0.560652
3 0 11 0
-11.3799 -22.8769 -57.2985 0.735031 -0.0915787 0.67182 0.3421 -0.805382 -0.484073 0.585403 0.585639 -0.560652
3 3 11 0
70.2451 -72.3341 -24.2735 -0.404311 0.044647 -0.913531 0.844569 0.401587 -0.354163 0.35105 -0.914732 -0.200074
3 3 11 0
70.2451 -72.3341 -24.2735 -0.404311 0.044647 -0.913531 0.844569 0.401587 -0.354163 0.35105 -0.914732 -0.200074
3 1 11 0
9.49306 -37.2324 -64.2343 0.488877 0.203607 0.848259 0.551662 -0.825417 -0.119814 0.675773 0.526527 -0.51585
3 1 11 0
9.49306 -37.2324 -64.2343 0.488877 0.203607 0.848259 0.551662 -0.825417 -0.119814 0.675773 0.526527 -0.51585
3 2 11 0
110.796 -42.3983 -25.4317 -0.826956 -0.103356 -0.552685 0.444477 0.481847 -0.755158 0.34436 -0.870139 -0.352527
3 2 11 0
110.796 -42.3983 -25.4317 -0.826956 -0.103356 -0.552685 0.444477 0.481847 -0.755158 0.34436 -0.870139 -0.352527
3 0 11 0
44.3928 -40.0006 -71.3082 0.0502599 0.574268 0.817123 0.630988 -0.652447 0.419723 0.774163 0.4945 -0.395148
3 0 11 0
44.3928 -40.0006 -71.3082 0.0502599 0.574268 0.817123 0.630988 -0.652447 0.419723 0.774163 0.4945 -0.395148
3 4 11 0
93.7839 21.7444 -67.3338 -0.654112 0.718811 -0.235475 -0.094955 0.230814 0.968353 0.750414 0.655771 -0.0827235
3 4 11 0
93.7839 21.7444 -67.3338 -0.654112 0.718811 -0.235475 -0.094955 0.230814 0.968353 0.750414 0.655771 -0.0827235
3 3 11 0
128.558 13.7605 -16.7705 -0.948844 -0.304236 0.0844694 -0.221315 0.450027 -0.865156 0.225198 -0.839593 -0.494337
3 3 11 0
128.558 13.7605 -16.7705 -0.948844 -0.304236 0.0844694 -0.221315 0.450027 -0.865156 0.225198 -0.839593 -0.494337
3 1 11 0
80.162 -17.7357 -73.2118 -0.431255 0.808882 0.399661 0.391853 -0.231088 0.890533 0.812693 0.540655 -0.217306
3 1 11 0
80.162 -17.7357 -73.2118 -0.431255 0.808882 0.399661 0.391853 -0.231088 0.890533 0.812693 0.540655 -0.217306
3 3 11 0
